0.00545008078077610
0.00545008078077610
0.00545008078077610
0.00545008078077610
0.00545008078077610
0.00984740601591249
0.00885071454052407
0.0107147713431269
0.0134334385627676
0.0147141859974891
0.0159900227534995
0.0194926912537737
0.0196601753584982
0.0204101894988526
0.0197383987528995
0.00566569767730831
0.00566569767730831
0.00566569767730831
0.00566569767730831
0.00566569767730831
0.0136351593850766
0.00909363493109696
0.00807272699297686
0.0104443386174299
0.00969969965638446
0.0151612545698732
0.0135628094037136
0.0215303471072033
0.0140660486487292
0.0259279575091525