0.0061542844207152086
0.0061542844207152086
0.0061542844207152086
0.0061542844207152086
0.0061542844207152086
0.010737015436522536
0.0093585574716807639
0.011089744931202818
0.011496269258828764
0.015211843530577057
0.01622106182548556
0.021067606362581377
0.020921478292676252
0.019587047087159724
0.02049487861122571
0.0051857900455983125
0.0051857900455983125
0.0051857900455983125
0.0051857900455983125
0.0051857900455983125
0.014393635580644028
0.0081966194478532983
0.008649429178476855
0.01070947822393694
0.010871814071554037
0.016212893836142741
0.014544801619549746
0.020189388298713907
0.013999324289333558
0.026345500448533874
