.99989998
.99989998
.99756998
.99098998
.98329002
.97031999
.95020002
.92622
.88765001
.82723999
.74638999
.62721997
.50317001
.35199001
.25622001
.15334
.99989998
.99989998
.99989998
.99690002
.98869997
.97645998
.95621997
.92982
.89530998
.84222001
.75735998
.64661998
.51195002
.36517999
.2554
.15518001
.99989998
.99989998
.99989998
.99989998
.99309999
.98101997
.96187001
.93602002
.90284002
.85716999
.77831
.66824001
.54830003
.39157
.27544001
.16513
.99989998
.99989998
.99989998
.99989998
.99637002
.98506999
.96645999
.94345999
.90932
.86369002
.79206002
.69036001
.56550997
.41564
.27537999
.16895001
.99989998
.99989998
.99989998
.99989998
.99874002
.98789001
.97057003
.94810998
.91463
.86716002
.80224001
.70258999
.57227999
.41619
.27768001
.16299
.99989998
.99989998
.99989998
.99989998
.99989998
.98830003
.97140998
.9508
.91420001
.87112999
.80777001
.71008003
.57685
.41867
.27535999
.15792
.99989998
.99989998
.99989998
.99989998
.99989998
.99989998
.97206002
.95060003
.91675001
.87361997
.81259
.71638
.59013999
.43299001
.28415
.16569
.99989998
.99989998
.99989998
.99989998
.99989998
.99989998
.99729002
.95297003
.92328
.88231999
.81889999
.73360997
.61386001
.46149001
.30884999
.18443
.99989998
.99989998
.99989998
.99989998
.99989998
.99989998
.99597001
.98338002
.93264002
.89811999
.83820999
.76686001
.64971
.50575
.34817001
.21371999
.99989998
.99989998
.99989998
.99989998
.99989998
.99989998
.99989998
.98097998
.96029001
.90271002
.84952998
.77776998
.66312999
.52147001
.36278999
.22277001
.99989998
.99989998
.99989998
.99989998
.99989998
.99989998
.99989998
.99093002
.95775002
.92860001
.85513002
.78424001
.67192
.52705997
.36125001
.21614
.99989998
.99769002
.99614
.99435002
.99172997
.98846
.98167002
.97011
.95125997
.91667002
.86326998
.77214003
.65850002
.54544997
.37560001
.22581001
.99985999
.99823999
.99739999
.99592
.99351001
.98988998
.98390001
.97491997
.95709002
.92470002
.87338001
.82227999
.70412999
.53742999
.36083001
.20722
.99978
.99822998
.99785
.99680001
.99474001
.99147999
.98602998
.97757
.96377999
.94042999
.90570998
.82112002
.71810001
.53783
.35042
.19234
.99953002
.99835998
.99807
.99721003
.99545997
.99276
.98781002
.98070002
.96973002
.95240003
.91869998
.85702002
.75213999
.58159
.37244001
.20467
.99989998
.99840999
.99800998
.99719
.99576002
.99313003
.98891002
.98176003
.97162002
.95536
.92618001
.86928999
.77016002
.60869002
.40421
.222
.99922001
.99848002
.99782997
.99703002
.99572003
.99342
.98965001
.98343998
.97280002
.95708001
.93011999
.88028002
.77897
.62643999
.44477001
.26199999
.99975997
.99787998
.99686003
.99554998
.99357003
.98923999
.98214
.97213
.95994002
.94253999
.91249001
.86120999
.77319998
.63567001
.45574
.26166999
.99987
.99781001
.99677002
.99588001
.99386001
.98992997
.98259002
.97241002
.96013999
.94376999
.91576999
.86549002
.78065997
.64757001
.46878999
.27085999
.99989998
.99789
.99685001
.99616998
.99476999
.99102002
.98447001
.97459
.96318001
.94775999
.92258
.87664002
.79563999
.66707999
.48884001
.28292
.99989998
.99800003
.99697
.99637997
.99514002
.99194002
.98550999
.97632998
.96521002
.95027
.92585999
.88229001
.80480999
.67808998
.49994999
.28966001
.99989998
.99816
.99715
.99664998
.99554002
.99256003
.98680001
.97786999
.9677
.95327002
.92992002
.88779998
.81344002
.69003999
.51115
.29596001
.99989998
.99835002
.99738002
.99694997
.99596
.99317998
.98777997
.97965002
.96994001
.95665002
.93436998
.89399999
.82191002
.70161998
.52336001
.30256999
.99989998
.99856001
.99761999
.99725997
.99637002
.99375999
.98866999
.98101002
.97220999
.95950001
.93879998
.90004998
.83037001
.71232998
.53470999
.30952001
.99989998
.99875998
.99787003
.99756998
.99676001
.99431002
.98949999
.98225999
.97402
.96234
.94265997
.90603
.83868998
.72316003
.54570001
.31628999
.99989998
.99896002
.99811
.99786001
.99712998
.99482
.99027002
.98341
.97566003
.96467
.94642001
.91132998
.84678
.73381001
.55695999
.32311001
.99989998
.99915999
.99835998
.99813998
.99747002
.99531001
.99102002
.98452002
.97722
.96687001
.94971001
.91658998
.85431999
.74441999
.56844997
.33048001
.99989998
.99936002
.99860001
.99839997
.99778998
.99576002
.99171001
.98556
.97867
.96889001
.95275003
.92123997
.86159998
.7543
.57977003
.33805001
.99989998
.99956
.99883002
.99866003
.99809998
.99619001
.99236
.98654997
.98004001
.97079998
.95559001
.92561001
.86830997
.764
.59065002
.34568
.99989998
.99975997
.99906999
.99892002
.99839002
.99659997
.99299002
.98750001
.98136997
.97264999
.95836002
.92987001
.87492001
.77354002
.60193002
.35352001
.99989998
.99996001
.99931002
.99917001
.99868
.99699003
.99359
.98842001
.98264003
.97443002
.96100998
.93396997
.88128
.78284001
.61300999
.36155999
.99989998
.99989998
.99956
.99941999
.99896002
.99738002
.99418002
.98931998
.98387998
.97615999
.96359998
.93798
.88757002
.79211998
.62431997
.36995
.99989998
.99989998
.99980003
.99967003
.99923003
.99773997
.99474001
.99017
.98505998
.97779
.96604002
.94181001
.89362001
.80116999
.63552999
.37851
.98451
.98220998
.97948003
.97302002
.96546
.95271999
.93296999
.90942001
.87155002
.81224
.73285002
.61584997
.49404001
.34560999
.25156999
.15056001
.98588997
.98641998
.98355001
.97882003
.97077
.95876002
.93888998
.91295999
.87908
.82695001
.74361998
.63489997
.50265998
.35856
.25077
.15237001
.98861998
.98839003
.98728001
.98251998
.97509003
.96323001
.94442999
.91904002
.88647002
.84162998
.76419997
.65612
.53834999
.38446999
.27045
.16214
.98922998
.99023002
.98868001
.98597997
.97829998
.96720999
.94893998
.92636001
.89284003
.84802002
.77770001
.67783999
.55526
.40810999
.27039
.16588999
.98859
.98973
.98958999
.98624003
.98062998
.96998
.95297003
.93092
.89804
.85143
.7877
.68984997
.56190002
.40865001
.27263999
.16003001
.98859
.98864001
.98824
.98606002
.97978002
.97038001
.95379001
.93356001
.89762002
.85534
.79312003
.69721001
.56638998
.41106999
.27037001
.15505999
.98835999
.98777997
.98663002
.98412001
.97917998
.96890002
.95444
.93335998
.90012997
.85777998
.79786003
.70339
.57944
.42513999
.27900001
.16269
.98881
.98819
.98645997
.98342001
.97849
.96992999
.95634001
.93568999
.90653002
.86632001
.80405003
.72030997
.60272998
.45311999
.30325001
.18108
.98997003
.98952001
.98819
.98500001
.98005003
.97250003
.96085
.94300002
.91573
.88183999
.82301003
.75296003
.63792998
.49658
.34185001
.20985
.99133998
.99050999
.98931003
.98655999
.98171002
.97421002
.96302003
.94638997
.92084998
.88634002
.83412999
.76367003
.65110999
.51201999
.35620999
.21873
.99234998
.99119002
.98917001
.9867
.98259997
.97548002
.96433997
.94826001
.92398
.89047003
.83961999
.77002001
.65973997
.51749998
.3547
.21222
.99286997
.99277002
.99111998
.98839998
.98506999
.97889
.96860999
.95257998
.92708999
.89371002
.84491998
.78119999
.66697001
.53556001
.36879
.22172
.99357998
.99397999
.99220997
.98962998
.98525
.97924
.97007
.95419002
.9314
.90090001
.85207999
.77548999
.67153001
.52767998
.35427999
.20345999
.99353999
.99414998
.99316001
.99045002
.98596001
.97898
.97044998
.95682001
.93655998
.90767998
.86149001
.79503
.68624002
.52806997
.34406
.18886
.99338001
.99362999
.99278998
.99084997
.98659003
.97982001
.97008997
.95829999
.93981999
.91491997
.87418997
.81228
.70776999
.55770999
.36568001
.20096
.99361002
.99365002
.99261999
.99112999
.98768002
.98091
.97099
.95819002
.94155002
.91779
.88050002
.81963003
.72239
.58723003
.38760999
.21798
.99267
.99194002
.99031001
.98848999
.98613
.98014998
.97039998
.95642
.93893999
.91618001
.87817001
.82081997
.72523999
.59946001
.42908001
.25123999
.99321002
.99133998
.99032998
.98942
.98738003
.98303002
.97490001
.96284002
.94726998
.92615998
.89261001
.83644998
.74471003
.60851997
.43610999
.25244001
.99331999
.99127001
.99023998
.98935997
.98773998
.98376
.97641999
.96524
.95096999
.93131
.89985001
.84663999
.75821
.62370002
.44876999
.25918999
.99357003
.99135
.99032003
.98965001
.98825997
.98492998
.97833002
.96846998
.95608002
.93870002
.91039997
.86141002
.77829999
.64789999
.47082999
.27083999
.99374998
.99146003
.99043
.98984998
.98863
.98544002
.97944999
.97024
.95915002
.94326001
.91702002
.87064999
.79082
.66332
.48557001
.27899
.99392998
.99162
.99061
.99011999
.98901999
.98606002
.98034
.97185999
.96166998
.94729
.92307001
.87932003
.80269998
.67804998
.50002003
.28744999
.99409997
.99181002
.99084002
.99041998
.98944002
.98667002
.98131001
.97323
.96398002
.95068997
.92851001
.88740999
.81405997
.69235998
.51425999
.29598001
.99426001
.99201
.99109
.99072999
.98983997
.98724997
.98219001
.97457999
.96583998
.95359999
.93294001
.8944
.82424998
.70552999
.52766001
.30414
.99440002
.99221998
.99133003
.99102998
.99023002
.9878
.98302001
.97582
.96763003
.95604002
.93686002
.90038002
.83341998
.71783
.54048997
.31211999
.99453002
.99242002
.99158001
.99132001
.99058998
.98830998
.98378998
.97697002
.96926999
.95835
.94022
.90573001
.84149998
.72921002
.55286002
.32001999
.99465001
.99261999
.99181998
.99159998
.99093997
.98878998
.98452997
.97807997
.97082001
.96052998
.94349003
.91058999
.84906
.73978001
.56489003
.32804999
.99475998
.99282002
.99206001
.99185997
.99125999
.98923999
.98521
.97911
.97226
.96253997
.9465
.9152
.85595
.74966002
.57615
.33592999
.99487001
.99300998
.99229002
.99212003
.99155998
.98966002
.98585999
.98009002
.97362
.96443999
.94932997
.91955
.86262
.759
.58701998
.34351999
.99497002
.99321002
.99252999
.99237001
.99185002
.99006999
.98648
.98102999
.97494
.96627998
.95208001
.92378002
.86918998
.76848
.59798002
.35135001
.99507999
.99340999
.99277002
.99261999
.99214
.99045998
.98707998
.98194999
.97621
.96805
.95472002
.92785001
.87550998
.77771997
.60899001
.35918999
.99518001
.99361002
.99300998
.99287999
.99242002
.99084002
.98767
.98284
.97744
.96976
.95727998
.93184
.88176
.78693002
.62023002
.36752
.99528003
.99381
.99325001
.99312001
.99269003
.99120998
.98821998
.98369002
.97860003
.97139001
.95971
.93563998
.88777
.79593003
.63137001
.37603
