   1.00000000000000     
  0.979239949116183     
  0.879173498586658     
  0.544987550589636     
   1.00000000000000     
  0.965363000000000     
  0.886549839801194     
  0.561960151418670     
   1.00000000000000     
  0.970004198000000     
  0.916475318182077     
  0.644267272857386     
   1.00000000000000     
  0.975079663000000     
  0.932335014764840     
  0.711260749455722     
   1.00000000000000     
  0.975079663000000     
  0.932335014764840     
  0.711260749455722     
   1.00000000000000     
  0.975079663000000     
  0.932335014764840     
  0.711260749455722     
   1.00000000000000     
  0.975079663000000     
  0.932335014764840     
  0.711260749455722     
   1.00000000000000     
  0.975079663000000     
  0.932335014764840     
  0.711260749455722     
   1.00000000000000     
  0.975079663000000     
  0.932335014764840     
  0.711260749455722     
   1.00000000000000     
  0.975079663000000     
  0.932335014764840     
  0.711260749455722     
   1.00000000000000     
  0.975079663000000     
  0.932335014764840     
  0.711260749455722     
   1.00000000000000     
  0.975079663000000     
  0.932335014764840     
  0.711260749455722     
   1.00000000000000     
  0.975079663000000     
  0.932335014764840     
  0.711260749455722     
   1.00000000000000     
  0.975079663000000     
  0.932335014764840     
  0.711260749455722     
   1.00000000000000     
  0.975079663000000     
  0.932335014764840     
  0.711260749455722     
   1.00000000000000     
  0.975079663000000     
  0.932335014764840     
  0.711260749455722     
   1.00000000000000     
  0.975079663000000     
  0.932335014764840     
  0.711260749455722     
   1.00000000000000     
  0.975079663000000     
  0.932335014764840     
  0.711260749455722     
   1.00000000000000     
  0.975079663000000     
  0.932335014764840     
  0.711260749455722     
   1.00000000000000     
  0.975079663000000     
  0.932335014764840     
  0.711260749455722     
   1.00000000000000     
  0.975079663000000     
  0.932335014764840     
  0.711260749455722     
   1.00000000000000     
  0.975079663000000     
  0.932335014764840     
  0.711260749455722     
   1.00000000000000     
  0.975079663000000     
  0.932335014764840     
  0.711260749455722     
   1.00000000000000     
  0.975079663000000     
  0.932335014764840     
  0.711260749455722     
   1.00000000000000     
  0.975079663000000     
  0.932335014764840     
  0.711260749455722     
   1.00000000000000     
  0.975079663000000     
  0.932335014764840     
  0.711260749455722     
   1.00000000000000     
  0.975079663000000     
  0.932335014764840     
  0.711260749455722     
   1.00000000000000     
  0.975079663000000     
  0.932335014764840     
  0.711260749455722     
   1.00000000000000     
  0.975079663000000     
  0.932335014764840     
  0.711260749455722     
   1.00000000000000     
  0.975079663000000     
  0.932335014764840     
  0.711260749455722     
   1.00000000000000     
  0.975079663000000     
  0.932335014764840     
  0.711260749455722     
   1.00000000000000     
  0.975079663000000     
  0.932335014764840     
  0.711260749455722     
   1.00000000000000     
  0.975079663000000     
  0.932335014764840     
  0.711260749455722     
   1.00000000000000     
  0.975079663000000     
  0.932335014764840     
  0.711260749455722     
   1.00000000000000     
  0.975079663000000     
  0.932335014764840     
  0.711260749455722     
   1.00000000000000     
  0.975079663000000     
  0.932335014764840     
  0.711260749455722     
   1.00000000000000     
  0.975079663000000     
  0.932335014764840     
  0.711260749455722     
   1.00000000000000     
  0.975079663000000     
  0.932335014764840     
  0.711260749455722     
   1.00000000000000     
  0.975079663000000     
  0.932335014764840     
  0.711260749455722     
   1.00000000000000     
  0.975079663000000     
  0.932335014764840     
  0.711260749455722     
   1.00000000000000     
  0.975079663000000     
  0.932335014764840     
  0.711260749455722     
   1.00000000000000     
  0.975079663000000     
  0.932335014764840     
  0.711260749455722     
   1.00000000000000     
  0.975079663000000     
  0.932335014764840     
  0.711260749455722     
   1.00000000000000     
  0.975079663000000     
  0.932335014764840     
  0.711260749455722     
   1.00000000000000     
  0.975079663000000     
  0.932335014764840     
  0.711260749455722     
   1.00000000000000     
  0.975079663000000     
  0.932335014764840     
  0.711260749455722     
   1.00000000000000     
  0.975079663000000     
  0.932335014764840     
  0.711260749455722     
   1.00000000000000     
  0.975079663000000     
  0.932335014764840     
  0.711260749455722     
   1.00000000000000     
  0.975079663000000     
  0.932335014764840     
  0.711260749455722     
   1.00000000000000     
  0.975079663000000     
  0.932335014764840     
  0.711260749455722     
   1.00000000000000     
  0.975079663000000     
  0.932335014764840     
  0.711260749455722     
   1.00000000000000     
  0.975079663000000     
  0.932335014764840     
  0.711260749455722     
   1.00000000000000     
  0.975079663000000     
  0.932335014764840     
  0.711260749455722     
   1.00000000000000     
  0.975079663000000     
  0.932335014764840     
  0.711260749455722     
   1.00000000000000     
  0.975079663000000     
  0.932335014764840     
  0.711260749455722     
