.9999
.9999
.99733
.990748
.983056
.970085
.949972
.925994
.887436
.827037
.746209
.627068
.503044
.351908
.256156
.153303
.9999
.9999
.9999
.996658
.988458
.97623
.955995
.929595
.895097
.842022
.757176
.646469
.511824
.365093
.255342
.155144
.9999
.9999
.9999
.9999
.992864
.980788
.961641
.935791
.902625
.856967
.778123
.668077
.548164
.391473
.275374
.165094
.9999
.9999
.9999
.9999
.996129
.984837
.96623
.943238
.909106
.863478
.791868
.690194
.565377
.415543
.275313
.168909
.9999
.9999
.9999
.9999
.998387
.987655
.97034
.947887
.914406
.866947
.802051
.702423
.572142
.416092
.277612
.162947
.9999
.9999
.9999
.9999
.9999
.987951
.971174
.950573
.913979
.870925
.807575
.709911
.57671
.418564
.275292
.157881
.9999
.9999
.9999
.9999
.9999
.9999
.971715
.950369
.916532
.873407
.812397
.716208
.589997
.432889
.284082
.165654
.9999
.9999
.9999
.9999
.9999
.9999
.996597
.952632
.923054
.882106
.818705
.733431
.613711
.461374
.308773
.184383
.9999
.9999
.9999
.9999
.9999
.9999
.99563
.982693
.932307
.897905
.838004
.766678
.649552
.505629
.348083
.213672
.9999
.9999
.9999
.9999
.9999
.9999
.9999
.980649
.959617
.90239
.849327
.777584
.66297
.521346
.362702
.222716
.9999
.9999
.9999
.9999
.9999
.9999
.9999
.991056
.957427
.927951
.854823
.784054
.67176
.526932
.361166
.216083
.9999
.997687
.996139
.994351
.991727
.988458
.98167
.970112
.951261
.916674
.863268
.77214
.658496
.545315
.375511
.225758
.999759
.998241
.997397
.995922
.993509
.989894
.983903
.974925
.957091
.924702
.873375
.822277
.704126
.537298
.360739
.207171
.999875
.998226
.997848
.996799
.994738
.991479
.986028
.977574
.963778
.940425
.905711
.821125
.7181
.537636
.350331
.192298
.999781
.998357
.998071
.997208
.995464
.992757
.987814
.980696
.969733
.952404
.918704
.857018
.75214
.581186
.372302
.204618
.9999
.998412
.998009
.99719
.995755
.993125
.988907
.981759
.971615
.955357
.926181
.869287
.770156
.608484
.40393
.221923
.9999
.998485
.997826
.997026
.995724
.993424
.989647
.983445
.972801
.95708
.930124
.880276
.778973
.624753
.413562
.207986
.9999
.9999
.9999
.998433
.995918
.990845
.984031
.97599
.965999
.950321
.919994
.869014
.779704
.623982
.416502
.206781
.9999
.9999
.9999
.999295
.996615
.992028
.984934
.976496
.966357
.951026
.922208
.87138
.783095
.619873
.415988
.208251
.9999
.9999
.9999
.999828
.99762
.993041
.986619
.977985
.967561
.952185
.924291
.87548
.78789
.614671
.413249
.207994
.9999
.9999
.9999
.9999
.998309
.994383
.988175
.980349
.969949
.954546
.927428
.880468
.795863
.610914
.409781
.206624
.9999
.9999
.9999
.9999
.998928
.995335
.989924
.982375
.972868
.957581
.930992
.885348
.803138
.608567
.407276
.20489
.9999
.9999
.9999
.9999
.999463
.996171
.99122
.984506
.975351
.961026
.93505
.890461
.810126
.606321
.405711
.203638
.9999
.9999
.9999
.9999
.9999
.99688
.992326
.986086
.977779
.963825
.939152
.895564
.816712
.604505
.404214
.202856
.9999
.9999
.9999
.9999
.9999
.997543
.993361
.98759
.979846
.966835
.94298
.901227
.824104
.603291
.403003
.202107
.9999
.9999
.9999
.9999
.9999
.998148
.994299
.988949
.981746
.969371
.946826
.906367
.831666
.602761
.402194
.201502
.9999
.9999
.9999
.9999
.9999
.998677
.99512
.990135
.983409
.971642
.950077
.911322
.838511
.602782
.401841
.201097
.9999
.9999
.9999
.9999
.9999
.999198
.99593
.991309
.985055
.973916
.953427
.916277
.845993
.602744
.401855
.20092
.9999
.9999
.9999
.9999
.9999
.99967
.996662
.992369
.986537
.975952
.956427
.920818
.85278
.602923
.401829
.200927
.9999
.9999
.9999
.9999
.9999
.9999
.99736
.993384
.98796
.977922
.959333
.925253
.859644
.602923
.401949
.200915
.9999
.9999
.9999
.9999
.9999
.9999
.997992
.994302
.989246
.979705
.961961
.929251
.865885
.602923
.401948
.200974
.9999
.9999
.9999
.9999
.9999
.9999
.998583
.995166
.990464
.981413
.964507
.93317
.872056
.602923
.401948
.200974
.9999
.9999
.9999
.9999
.9999
.9999
.999138
.995981
.991618
.983039
.966941
.936927
.877993
.602923
.401948
.200974
.984159
.981972
.979245
.972782
.96523
.952495
.932746
.909203
.871344
.81204
.732678
.615698
.493923
.345527
.251511
.150523
.985198
.986066
.98331
.978586
.970535
.958528
.93866
.912739
.878866
.826754
.743446
.634747
.502543
.358473
.250712
.152331
.988281
.987701
.986925
.982282
.97486
.963003
.944204
.918822
.886258
.841428
.764013
.655963
.538224
.384374
.27038
.1621
.989348
.989897
.98799
.985627
.978066
.966978
.948709
.926134
.892621
.847821
.777508
.677679
.555125
.408008
.27032
.165846
.989058
.989846
.989249
.985547
.980283
.969745
.952744
.930699
.897825
.851227
.787507
.689686
.561768
.408547
.272578
.159993
.988931
.989108
.988362
.985728
.979095
.970035
.953563
.933336
.897406
.855132
.792931
.697038
.566253
.410975
.2703
.155018
.988176
.988125
.987097
.984236
.978846
.968225
.954095
.933136
.899913
.85757
.797666
.703221
.579298
.425039
.278931
.16265
.988876
.988007
.986802
.983891
.978607
.969599
.95567
.935357
.906316
.86611
.803859
.720132
.602582
.453008
.303174
.181039
.990103
.989593
.988007
.985339
.980516
.972618
.960522
.942337
.915401
.881623
.822808
.752776
.637773
.49646
.341771
.209798
.991346
.990641
.989374
.986385
.982055
.974672
.963142
.946069
.920208
.886026
.833926
.763484
.650949
.511893
.356125
.218678
.992374
.991186
.989306
.986764
.982425
.975816
.964796
.948376
.923667
.889843
.839322
.769837
.659579
.517377
.354617
.212165
.992703
.992768
.991116
.988395
.985068
.978892
.968614
.952576
.927089
.893711
.844924
.781202
.666971
.535427
.368701
.221664
.993486
.99398
.992209
.989632
.985249
.979242
.970067
.954194
.931404
.900903
.852083
.775486
.671533
.527555
.354198
.203415
.993639
.994148
.993164
.990448
.985961
.978977
.970448
.956818
.936556
.907685
.861487
.795029
.686239
.527886
.343979
.188811
.993631
.993631
.992794
.990853
.986593
.979816
.97009
.9583
.939821
.914918
.874193
.812282
.707765
.557319
.365551
.200907
.994066
.99365
.992615
.991129
.987682
.980908
.970994
.958188
.941555
.917785
.880498
.819628
.722391
.587028
.387342
.217898
.994405
.991943
.990313
.988486
.986134
.98015
.970401
.956416
.938937
.916182
.878174
.820816
.725239
.597848
.398979
.199445
.994817
.994175
.993396
.992291
.989706
.984628
.976777
.966666
.953251
.933806
.89995
.844024
.750971
.597335
.398565
.19949
.995192
.994615
.993889
.992748
.990484
.985841
.978754
.969297
.957125
.938475
.906181
.852395
.760575
.59703
.398224
.199283
.995527
.995009
.994345
.993278
.991084
.986932
.980465
.971848
.960428
.943088
.912094
.860265
.770725
.596995
.39802
.199112
.995834
.995369
.994765
.993782
.99177
.987868
.982096
.974235
.963863
.947509
.918568
.868849
.782032
.597604
.397997
.19901
.996101
.995681
.995131
.994225
.992384
.988814
.983439
.976331
.9668
.951573
.924129
.87689
.792539
.597991
.398403
.198998
.996328
.995948
.995444
.994605
.992915
.989645
.984727
.978056
.96935
.955032
.929183
.883897
.802386
.59832
.39866
.199201
.996513
.99617
.995706
.994927
.993366
.990349
.985826
.979627
.971373
.957896
.933294
.889944
.810691
.598729
.39888
.19933
.996684
.996373
.995948
.995226
.993788
.991009
.986854
.98112
.973427
.960501
.937179
.895605
.818933
.598844
.399153
.19944
.996834
.996554
.996165
.995497
.994171
.99161
.987785
.98247
.975314
.963021
.940623
.900791
.826479
.598979
.399229
.199576
.99696
.996707
.99635
.995731
.994505
.992135
.988601
.983649
.976967
.965277
.943853
.905352
.833353
.599022
.399319
.199615
.997081
.996854
.996529
.995959
.994832
.992653
.989406
.984815
.978602
.967536
.947181
.910275
.84045
.599036
.399348
.19966
.997189
.996985
.996689
.996164
.995127
.993121
.990133
.985868
.980074
.969559
.950162
.914786
.847194
.598973
.399357
.199674
.99729
.997108
.996839
.996358
.995408
.993568
.990827
.986876
.981488
.971516
.953049
.919192
.854013
.598973
.399315
.199679
.997379
.997217
.996974
.996532
.995662
.993972
.991454
.987788
.982766
.973287
.955659
.923164
.860213
.598973
.399315
.199658
.997462
.997318
.997097
.996694
.995898
.99435
.992042
.988647
.983976
.974984
.958189
.927057
.866343
.598973
.399315
.199658
.997539
.997411
.997212
.996844
.996118
.994703
.992593
.989457
.985122
.976599
.960607
.93079
.872241
.598973
.399315
.199658

