syn_pr1
.98415858
.98197192
.97924489
.97278214
.96523046
.95249456
.93274647
.90920258
.87134445
.81204021
.73267812
.61569774
.49392271
.34552714
.25151131
.15052322
.98519754
.98606628
.9833104
.97858566
.97053456
.95852792
.93865991
.91273862
.87886614
.82675385
.74344623
.63474667
.50254309
.35847279
.25071219
.1523312
.98828143
.98770058
.98692524
.98228157
.97485977
.96300292
.94420373
.91882187
.88625795
.84142762
.76401341
.65596312
.53822362
.38437408
.27038041
.16210037
.98934805
.98989725
.98798978
.98562682
.97806621
.96697849
.94870877
.92613381
.89262092
.84782058
.7775085
.67767912
.55512488
.40800789
.27032045
.16584623
.98905796
.98984623
.98924893
.98554659
.9802832
.96974546
.95274431
.93069869
.89782512
.85122675
.78750741
.68968576
.56176752
.40854731
.27257794
.15999272
.98893112
.98910779
.9883616
.98572797
.97909451
.97003549
.95356339
.93333578
.89740562
.85513246
.79293138
.69703764
.56625253
.41097462
.27030048
.15501824
.98817611
.98812515
.98709673
.98423642
.9788456
.96822482
.95409465
.93313605
.89991283
.85756969
.79766613
.70322078
.57929814
.42503902
.27893093
.16264977
.98887569
.98800701
.98680168
.98389101
.9786067
.96959919
.9556697
.93535715
.90631574
.86611032
.80385929
.72013199
.60258234
.45300803
.30317408
.18103941
.99010295
.98959285
.98800701
.98533893
.98051608
.97261828
.96052241
.94233686
.9154011
.88162309
.82280827
.75277591
.63777333
.49645987
.3417713
.20979753
.99134588
.99064106
.98937374
.98638511
.98205531
.97467214
.9631424
.94606942
.92020845
.88602638
.83392596
.763484
.6509487
.5118928
.35612538
.2186777
.99237412
.99118632
.98930562
.98676413
.98242509
.97581631
.96479619
.94837552
.92366672
.88984293
.83932245
.76983696
.6595791
.51737672
.35461706
.21216491
.9927032
.99276835
.99111629
.98839527
.98506773
.97889233
.96861404
.95257616
.92708898
.89371139
.84492379
.7812016
.66697079
.53542668
.36870143
.22166438
.99348623
.99398035
.9922086
.98963189
.98524928
.97924232
.97006655
.95419431
.93140447
.90090299
.85208309
.77548611
.67153263
.52755547
.35419753
.2034146
.99363852
.9941479
.99316436
.99044812
.9859609
.97897673
.97044784
.95681816
.93655634
.90768498
.86148703
.79502857
.6862393
.52788627
.34397885
.18881078
.99363089
.99363136
.9927935
.99085301
.98659331
.9798165
.97009021
.95830005
.93982118
.91491812
.87419331
.81228238
.70776546
.55731863
.3655512
.20090738
.99406558
.9936496
.99261516
.99112892
.98768246
.98090845
.97099441
.95818782
.94155478
.91778535
.88049787
.81962848
.72239077
.58702809
.38734177
.21789843
.99440467
.99194348
.99031276
.98848617
.98613399
.98014975
.97040063
.95641607
.93893725
.91618162
.87817407
.8208161
.72523934
.59784758
.39897919
.19944482
.9948175
.99417549
.99339575
.99229074
.98970646
.98462784
.97677654
.96666586
.953251
.93380564
.89995027
.84402359
.75097096
.5973354
.39856505
.19948959
.99519241
.9946152
.99388933
.99274838
.99048358
.98584074
.97875392
.96929741
.95712495
.93847507
.90618122
.8523953
.76057535
.5970304
.39822358
.19928253
.99552667
.99500877
.99434531
.99327821
.99108386
.98693198
.98046464
.97184813
.96042824
.94308829
.91209352
.86026531
.77072507
.59699512
.39802027
.19911179
.99583441
.99536854
.99476546
.99378198
.99176955
.98786813
.98209631
.97423464
.96386254
.94750875
.91856784
.86884904
.78203219
.59760427
.39799672
.19901013
.99610102
.99568135
.99513084
.99422491
.99238443
.98881447
.98343897
.97633117
.96679974
.95157278
.92412901
.87689012
.79253924
.59799057
.39840284
.19899836
.99632782
.99594849
.9954437
.994605
.99291545
.98964536
.98472697
.97805643
.96935046
.95503211
.92918259
.88389671
.80238605
.59831965
.39866036
.19920142
.99651349
.99616998
.99570602
.99492693
.99336594
.99034935
.98582554
.97962654
.97137326
.95789587
.93329418
.88994426
.8106913
.59872949
.39887977
.19933018
.99668354
.9963733
.99594802
.99522644
.99378759
.99100882
.98685354
.98112035
.9734273
.96050102
.93717915
.89560527
.81893265
.59884369
.39915296
.19943988
.99683374
.99655384
.9961645
.99549699
.99417084
.99160963
.9877854
.98247039
.9753145
.96302086
.94062269
.90079129
.82647896
.59897882
.39922911
.19957648
.99695969
.99670684
.99634981
.995731
.99450457
.99213517
.98860139
.98364878
.97696733
.9652766
.94385314
.90535188
.83335263
.59902245
.3993192
.19961455
.99708122
.99685431
.99652892
.99595898
.99483168
.99265254
.98940581
.98481518
.97860247
.96753573
.94718093
.91027492
.84045047
.59903592
.39934832
.1996596
.99718893
.99698538
.99668902
.99616408
.99512732
.99312115
.99013323
.98586845
.98007435
.96955889
.95016176
.9147858
.84719414
.59897304
.39935729
.19967416
.99728978
.99710804
.99683928
.99635798
.99540812
.99356771
.99082679
.98687643
.98148787
.97151572
.95304877
.91919231
.85401309
.5989731
.39931536
.19967864
.99737948
.99721742
.99697369
.99653244
.99566191
.99397212
.99145442
.98778838
.98276603
.97328681
.95565921
.92316419
.86021274
.5989731
.39931542
.19965768
.9974618
.99731767
.99709737
.99669385
.99589783
.99434984
.99204195
.98864657
.98397607
.97498381
.95818919
.92705727
.8663435
.5989731
.39931542
.19965771
.99753851
.9974106
.99721169
.99684352
.99611771
.99470335
.99259323
.98945677
.98512197
.97659928
.96060717
.93078983
.8722415
.5989731
.39931542
.19965771
