syn_pr3
1.0023344
1.000107
.99732959
.99074751
.98305637
.97008526
.94997245
.92599374
.88743645
.82703698
.7462092
.62706846
.50304449
.35190836
.25615624
.15330309
1.0273892
1.0042773
1.0014702
.99665821
.9884584
.97623003
.95599508
.92959511
.89509708
.84202236
.75717622
.64646918
.51182407
.36509308
.25534233
.15514445
1.0244038
1.0299994
1.0051521
1.0004224
.99286354
.98078769
.96164131
.93579072
.90262538
.85696715
.7781232
.66807747
.54816353
.3914727
.27537379
.16509405
1.0338725
1.0260787
1.030301
1.0038297
.99612916
.9848367
.96622956
.94323766
.90910584
.86347812
.79186755
.69019449
.56537694
.41554299
.27531272
.16890909
1.0331784
1.0343931
1.0254067
1.0277532
.99838746
.98765475
.9703396
.94788688
.91440618
.86694723
.80205113
.70242292
.57214224
.41609237
.27761191
.16294748
1.0267688
1.0332305
1.0328416
1.0217571
1.0210248
.9879505
.97117382
.95057267
.91397893
.87092507
.80757523
.70991057
.5767101
.4185645
.2752924
.15788113
1.0174342
1.025932
1.0311297
1.0285307
1.0146232
1.0096896
.97171521
.95036924
.91653246
.8734073
.81239742
.71620786
.58999664
.43288866
.28408223
.16565359
1.0108995
1.0172602
1.0245578
1.027781
1.0226477
1.0050387
.99659681
.95263171
.92305362
.88210565
.81870496
.7334314
.61371082
.46137419
.3087731
.18438284
1.0076139
1.0116327
1.0172602
1.0230391
1.0242555
1.0163897
.99563026
.98269296
.93230706
.89790493
.83800393
.76667821
.64955175
.50562853
.34808314
.21367207
1.0046035
1.0081615
1.0114087
1.0155902
1.01963
1.0181509
1.0064875
.98064899
.9596169
.90238988
.84932691
.77758402
.66297042
.52134645
.36270231
.22271624
1.0019463
1.0044419
1.0068024
1.008741
1.011513
1.0131522
1.0078344
.99105603
.95742744
.92795098
.85482335
.78405434
.6717602
.52693164
.36116615
.21608317
1.0000756
.99768704
.99613869
.99435091
.99172747
.98845845
.98167014
.97011173
.95126116
.91667378
.8632676
.77214003
.65849584
.54531497
.3755106
.22575809
.9997595
.99824119
.99739677
.99592155
.99350852
.98989385
.98390299
.97492468
.95709145
.92470163
.87337536
.82227725
.70412636
.53729838
.36073887
.20717128
.99987507
.99822563
.99784821
.99679905
.99473804
.99147886
.98602808
.97757405
.96377838
.94042522
.90571064
.82112497
.71810013
.53763551
.35033146
.19229774
.99978143
.99835712
.99807078
.99720752
.99546432
.99275661
.98781443
.9806959
.96973312
.9524045
.91870445
.85701835
.75213987
.58118612
.37230235
.20461774
1.0006208
.99841189
.99800867
.99719024
.99575549
.99312526
.98890686
.98175919
.97161543
.95535672
.92618144
.86928684
.77015597
.60848439
.40392989
.22192267
1.0009618
.99848473
.99782646
.99702626
.99572372
.99342448
.98964679
.98344499
.97280139
.95707983
.9301244
.88027626
.77897322
.624753
.41356218
.20798616
1.0013772
1.000731
.99994659
.99843293
.99591833
.9908452
.98403066
.97599018
.96599919
.95032096
.91999364
.86901367
.77970397
.62398171
.416502
.20678109
1.0017546
1.0011736
1.000443
.999295
.99661463
.99202836
.98493415
.97649604
.96635723
.95102566
.92220795
.87137955
.78309464
.61987346
.41598776
.208251
1.0020912
1.0015697
1.0009019
.9998278
.99761951
.99304104
.98661852
.97798479
.96756095
.95218515
.92429131
.87548
.78789037
.61467111
.41324899
.20799388
1.0024009
1.0019319
1.0013249
1.000335
.9983092
.99438256
.98817545
.98034942
.96994877
.95454556
.92742819
.88046849
.79586321
.61091387
.40978071
.20662449
1.0026692
1.0022469
1.0016927
1.0007808
.99892819
.99533468
.98992419
.98237461
.97286785
.9575814
.93099219
.88534844
.80313814
.60856664
.40727592
.20489036
1.0028975
1.0025157
1.0020076
1.0011634
.99946266
.996171
.99122018
.98450613
.97535068
.96102637
.93504983
.89046109
.81012571
.60632122
.40571108
.20363796
1.0030844
1.0027387
1.0022717
1.0014874
.99991614
.99687964
.99232602
.98608613
.97777891
.96382517
.939152
.89556372
.81671202
.6045047
.40421414
.20285554
1.0032556
1.0029433
1.0025152
1.0017889
1.0003406
.99754345
.99336082
.98758978
.979846
.96683496
.94298023
.90122652
.82410371
.60329109
.40300313
.20210707
1.0034068
1.0031251
1.0027331
1.0020612
1.0007263
.99814826
.99429882
.98894876
.98174566
.96937096
.94682556
.90636712
.83166635
.60276103
.40219402
.20150156
1.0035336
1.0032791
1.0029197
1.0022968
1.0010623
.99867725
.99512017
.99013489
.9834094
.9716416
.95007688
.91132218
.83851105
.60278219
.40184066
.20109701
1.0036559
1.0034275
1.0031
1.0025263
1.0013915
.99919802
.9959299
.99130899
.98505533
.97391564
.9534266
.91627723
.84599274
.60274392
.40185481
.20092033
1.0037644
1.0035595
1.0032611
1.0027328
1.0016891
.99966973
.99666208
.99236923
.98653692
.97595209
.95642704
.92081785
.85278046
.60292292
.4018293
.20092741
1.0038658
1.003683
1.0034124
1.0029279
1.0019718
1.0001192
.99736023
.99338382
.98795974
.97792184
.95933312
.92525339
.85964441
.60292268
.4019486
.20091465
1.0039562
1.003793
1.0035477
1.0031035
1.0022273
1.0005263
.99799204
.9943018
.98924631
.97970462
.96196079
.92925149
.86588496
.60292268
.40194848
.2009743
1.004039
1.003894
1.0036721
1.003266
1.0024648
1.0009065
.99858344
.99516565
.99046433
.98141283
.96450746
.9331702
.87205613
.60292268
.40194848
.20097424
1.0041162
1.0039874
1.0037873
1.0034167
1.002686
1.0012624
.99913836
.99598122
.9916178
.9830389
.96694136
.93692738
.87799299
.60292268
.40194848
.20097424
