0.00548235311724467
0.00548235311724467
0.00548235311724467
0.00548235311724467
0.00548235311724467
0.00990599441274075
0.00887791851668438
0.0106763339379036
0.0130423908531446
0.0147233105141275
0.0158467031792276
0.0195571503965278
0.0198080479691252
0.0204715927600997
0.0201086252370949
0.00829364130779096
0.00829364130779096
0.00829364130779096
0.00829364130779096
0.00544583864765561
0.0136724327700935
0.00910910751411662
0.00813392902145874
0.0102474640286227
0.00958891466384445
0.0152174638846155
0.0136181009661942
0.0217742506337974
0.0139181436231560
0.0259746822498571