   1.00000000000000     
  0.997249457727038     
  0.994486740640220     
  0.990989662948402     
  0.986236123142850     
  0.979239949116183     
  0.968890563284010     
  0.953770696479113     
  0.931609557050165     
  0.901254713063119     
  0.860921812020295     
  0.810027607228137     
  0.749537051687675     
  0.675796703089855     
  0.584279060908781     
  0.469191669582132     
  0.331915583536823     
  0.192117510694099     
  7.979604008543754E-002
  2.138309368285210E-002
   1.00000000000000     
  0.982111196000000     
  0.979390417000000     
  0.975946425000000     
  0.971265044000000     
  0.964375072000000     
  0.954182790000000     
  0.939292443000000     
  0.917467710000000     
  0.887573653000000     
  0.847853006000000     
  0.797731376000000     
  0.738159068000000     
  0.665538099000000     
  0.575409696000000     
  0.462069333000000     
  0.326877100000000     
  0.189201164000000     
  7.858473500000000E-002
  2.105849800000000E-002
   1.00000000000000     
  0.982111196000000     
  0.979390417000000     
  0.975946425000000     
  0.971265044000000     
  0.964375072000000     
  0.954182790000000     
  0.939292443000000     
  0.917467710000000     
  0.887573653000000     
  0.847853006000000     
  0.797731376000000     
  0.738159068000000     
  0.665538099000000     
  0.575409696000000     
  0.462069333000000     
  0.326877100000000     
  0.189201164000000     
  7.858473500000000E-002
  2.105849800000000E-002
   1.00000000000000     
  0.982119525000000     
  0.979400123000000     
  0.975959067000000     
  0.971284571000000     
  0.964406730000000     
  0.954230863000000     
  0.939366380000000     
  0.917587258000000     
  0.887742024000000     
  0.848100861000000     
  0.797990280000000     
  0.738479828000000     
  0.665931014000000     
  0.575890310000000     
  0.462578591000000     
  0.327354138000000     
  0.189640817000000     
  7.883909200000000E-002
  2.112400000000000E-002
   1.00000000000000     
  0.982269243000000     
  0.979514045000000     
  0.976110320000000     
  0.971504002000000     
  0.964767058000000     
  0.954794783000000     
  0.940235919000000     
  0.918960678000000     
  0.889790560000000     
  0.850909976000000     
  0.801622618000000     
  0.742305515000000     
  0.670504445000000     
  0.581563459000000     
  0.469233000000000     
  0.333453806000000     
  0.194742601000000     
  8.199375700000000E-002
  2.206071300000000E-002
   1.00000000000000     
  0.982623442000000     
  0.979794715000000     
  0.976372142000000     
  0.971883630000000     
  0.965363000000000     
  0.955752862000000     
  0.941725280000000     
  0.921309856000000     
  0.893270449000000     
  0.855842413000000     
  0.807989701000000     
  0.749978654000000     
  0.678769326000000     
  0.591328911000000     
  0.480949332000000     
  0.345726893000000     
  0.203727308000000     
  8.762915400000000E-002
  2.408687900000000E-002
   1.00000000000000     
  0.983028855000000     
  0.980286930000000     
  0.976799687000000     
  0.972339619000000     
  0.966085423000000     
  0.956897793000000     
  0.943541660000000     
  0.924174545000000     
  0.897584511000000     
  0.861919969000000     
  0.816109938000000     
  0.759818422000000     
  0.690466710000000     
  0.603984695000000     
  0.495493728000000     
  0.361553398000000     
  0.217160390000000     
  9.495064500000000E-002
  2.692648300000000E-002
   1.00000000000000     
  0.983467057000000     
  0.980812877000000     
  0.977446863000000     
  0.972959457000000     
  0.966837721000000     
  0.958120676000000     
  0.945475576000000     
  0.927259974000000     
  0.902269491000000     
  0.868660686000000     
  0.825085036000000     
  0.771090449000000     
  0.703805948000000     
  0.619675905000000     
  0.512212503000000     
  0.379259842000000     
  0.233028900000000     
  0.104935905000000     
  3.038702600000000E-002
   1.00000000000000     
  0.983953636000000     
  0.981367781000000     
  0.978108054000000     
  0.973808876000000     
  0.967748094000000     
  0.959310694000000     
  0.947418671000000     
  0.930357449000000     
  0.907031503000000     
  0.875597685000000     
  0.834553637000000     
  0.782970099000000     
  0.718296036000000     
  0.636546286000000     
  0.531590355000000     
  0.398606363000000     
  0.250237462000000     
  0.116487151000000     
  3.499921200000000E-002
   1.00000000000000     
  0.984877902000000     
  0.981970347000000     
  0.978794386000000     
  0.974647692000000     
  0.968898219000000     
  0.960647816000000     
  0.949245773000000     
  0.933361269000000     
  0.911665835000000     
  0.882439341000000     
  0.844042497000000     
  0.795217595000000     
  0.733185093000000     
  0.654330908000000     
  0.551790024000000     
  0.420293689000000     
  0.268785153000000     
  0.129052259000000     
  4.040636300000000E-002
   1.00000000000000     
  0.986738637000000     
  0.983003576000000     
  0.979528924000000     
  0.975506886000000     
  0.970004198000000     
  0.962233831000000     
  0.951198800000000     
  0.936132325000000     
  0.916070119000000     
  0.888984906000000     
  0.853258829000000     
  0.807345120000000     
  0.748355671000000     
  0.672353380000000     
  0.572743881000000     
  0.442640324000000     
  0.289396452000000     
  0.142719714000000     
  4.643429600000000E-002
   1.00000000000000     
  0.988357097000000     
  0.984960744000000     
  0.980686829000000     
  0.976413586000000     
  0.971120752000000     
  0.963729179000000     
  0.953403475000000     
  0.938986525000000     
  0.920091912000000     
  0.895133557000000     
  0.862002175000000     
  0.819050835000000     
  0.763299502000000     
  0.690611018000000     
  0.593858407000000     
  0.465726352000000     
  0.310735189000000     
  0.158050637000000     
  5.315932700000000E-002
   1.00000000000000     
  0.989768046000000     
  0.986670469000000     
  0.982754155000000     
  0.977733462000000     
  0.972278165000000     
  0.965217374000000     
  0.955453538000000     
  0.942078517000000     
  0.924131192000000     
  0.900717507000000     
  0.870168305000000     
  0.830127955000000     
  0.777700097000000     
  0.708577777000000     
  0.615232940000000     
  0.489055408000000     
  0.332956677000000     
  0.174218025000000     
  6.087929200000000E-002
   1.00000000000000     
  0.990998383000000     
  0.988168821000000     
  0.984568450000000     
  0.979944475000000     
  0.973832421000000     
  0.966731527000000     
  0.957466886000000     
  0.944924684000000     
  0.928376497000000     
  0.906234359000000     
  0.877568212000000     
  0.840459969000000     
  0.791338476000000     
  0.725920780000000     
  0.636333473000000     
  0.512804984000000     
  0.355689381000000     
  0.191382777000000     
  6.926288999999999E-002
   1.00000000000000     
  0.992074702000000     
  0.989483631000000     
  0.986167140000000     
  0.981894588000000     
  0.976252648000000     
  0.968617326000000     
  0.959478595000000     
  0.947683273000000     
  0.932257234000000     
  0.911913700000000     
  0.884810273000000     
  0.849825530000000     
  0.804075892000000     
  0.742403151000000     
  0.656809972000000     
  0.536457271000000     
  0.379149627000000     
  0.209330509000000     
  7.842219500000000E-002
   1.00000000000000     
  0.993015064000000     
  0.990643617000000     
  0.987579841000000     
  0.983623593000000     
  0.978400171000000     
  0.971335608000000     
  0.961825553000000     
  0.950392849000000     
  0.935978493000000     
  0.917081306000000     
  0.892174722000000     
  0.858958427000000     
  0.815647503000000     
  0.757854863000000     
  0.676402433000000     
  0.559652972000000     
  0.402891384000000     
  0.228269546000000     
  8.828894399999999E-002
   1.00000000000000     
  0.993806545000000     
  0.991633665000000     
  0.988798681000000     
  0.985111054000000     
  0.980239622000000     
  0.973648691000000     
  0.964787411000000     
  0.953121561000000     
  0.939223122000000     
  0.921519104000000     
  0.898229563000000     
  0.867396418000000     
  0.825944703000000     
  0.770723583000000     
  0.693158525000000     
  0.579815294000000     
  0.424078587000000     
  0.245763506000000     
  9.796658699999999E-002
   1.00000000000000     
  0.994421473000000     
  0.992424045000000     
  0.989786885000000     
  0.986326846000000     
  0.981721965000000     
  0.975479209000000     
  0.967084900000000     
  0.956056615000000     
  0.941919765000000     
  0.924713609000000     
  0.902576136000000     
  0.873283099000000     
  0.834058383000000     
  0.780453638000000     
  0.704928672000000     
  0.594178694000000     
  0.439356642000000     
  0.258687687000000     
  0.105474481000000     
   1.00000000000000     
  0.994907784000000     
  0.993038117000000     
  0.990575793000000     
  0.987312580000000     
  0.982933575000000     
  0.976954353000000     
  0.968903077000000     
  0.958333314000000     
  0.944820324000000     
  0.927368593000000     
  0.905704975000000     
  0.877508955000000     
  0.839718811000000     
  0.788120436000000     
  0.713828095000000     
  0.604268119000000     
  0.450240548000000     
  0.268007292000000     
  0.111021160000000     
   1.00000000000000     
  0.995306614000000     
  0.993523752000000     
  0.991188722000000     
  0.988099516000000     
  0.983915917000000     
  0.978160079000000     
  0.970368277000000     
  0.960135037000000     
  0.947070265000000     
  0.930224343000000     
  0.908305382000000     
  0.880550896000000     
  0.843782248000000     
  0.793469102000000     
  0.720840396000000     
  0.611896745000000     
  0.457885837000000     
  0.274646468000000     
  0.115020861000000     
   1.00000000000000     
  0.995637184000000     
  0.993922028000000     
  0.991673452000000     
  0.988710912000000     
  0.984700146000000     
  0.979137651000000     
  0.971565875000000     
  0.961586978000000     
  0.948850814000000     
  0.932439526000000     
  0.911102429000000     
  0.883079082000000     
  0.846707274000000     
  0.797308734000000     
  0.725732458000000     
  0.617907721000000     
  0.463666450000000     
  0.279310090000000     
  0.117870201000000     
   1.00000000000000     
  0.995907601000000     
  0.994252137000000     
  0.992070986000000     
  0.989194431000000     
  0.985309439000000     
  0.979918071000000     
  0.972536856000000     
  0.962773738000000     
  0.950285690000000     
  0.934192568000000     
  0.913272076000000     
  0.885798447000000     
  0.849138290000000     
  0.800072657000000     
  0.729244310000000     
  0.622101220000000     
  0.468221284000000     
  0.282836260000000     
  0.119871690000000     
   1.00000000000000     
  0.995962076000000     
  0.994522178000000     
  0.992400481000000     
  0.989590971000000     
  0.985791294000000     
  0.980524405000000     
  0.973312015000000     
  0.963735933000000     
  0.951458502000000     
  0.935605278000000     
  0.914989081000000     
  0.887907836000000     
  0.851753137000000     
  0.802369778000000     
  0.731772282000000     
  0.625111595000000     
  0.471398919000000     
  0.285614707000000     
  0.121385019000000     
   1.00000000000000     
  0.995962076000000     
  0.994576578000000     
  0.992670019000000     
  0.989919642000000     
  0.986186470000000     
  0.981003920000000     
  0.973914262000000     
  0.964504077000000     
  0.952409388000000     
  0.936759972000000     
  0.916372751000000     
  0.889577156000000     
  0.853781453000000     
  0.804840606000000     
  0.733873304000000     
  0.627278585000000     
  0.473680039000000     
  0.287553062000000     
  0.122577446000000     
   1.00000000000000     
  0.995962076000000     
  0.994576578000000     
  0.992724317000000     
  0.990188507000000     
  0.986514010000000     
  0.981397177000000     
  0.974390544000000     
  0.965100873000000     
  0.953168505000000     
  0.937696168000000     
  0.917503709000000     
  0.890922397000000     
  0.855386613000000     
  0.806757207000000     
  0.736133202000000     
  0.629079591000000     
  0.475322082000000     
  0.288944544000000     
  0.123409332000000     
   1.00000000000000     
  0.995962076000000     
  0.994576578000000     
  0.992724317000000     
  0.990242669000000     
  0.986781950000000     
  0.981723127000000     
  0.974781150000000     
  0.965572846000000     
  0.953758287000000     
  0.938443557000000     
  0.918420661000000     
  0.892021945000000     
  0.856680151000000     
  0.808273958000000     
  0.737886188000000     
  0.631016786000000     
  0.476686799000000     
  0.289946189000000     
  0.124006515000000     
   1.00000000000000     
  0.995962076000000     
  0.994576578000000     
  0.992724317000000     
  0.990242669000000     
  0.986835925000000     
  0.981989765000000     
  0.975104902000000     
  0.965959917000000     
  0.954224713000000     
  0.939024229000000     
  0.919152687000000     
  0.892913431000000     
  0.857737438000000     
  0.809496251000000     
  0.739273458000000     
  0.632519453000000     
  0.478154714000000     
  0.290778666000000     
  0.124436392000000     
   1.00000000000000     
  0.995962076000000     
  0.994576578000000     
  0.992724317000000     
  0.990242669000000     
  0.986835925000000     
  0.982043478000000     
  0.975369743000000     
  0.966280739000000     
  0.954607234000000     
  0.939483449000000     
  0.919721422000000     
  0.893625126000000     
  0.858594660000000     
  0.810495305000000     
  0.740391406000000     
  0.633708627000000     
  0.479293364000000     
  0.291674093000000     
  0.124793666000000     
   1.00000000000000     
  0.995962076000000     
  0.994576578000000     
  0.992724317000000     
  0.990242669000000     
  0.986835925000000     
  0.982043478000000     
  0.975423095000000     
  0.966543183000000     
  0.954924287000000     
  0.939860061000000     
  0.920171202000000     
  0.894178065000000     
  0.859279001000000     
  0.811305313000000     
  0.741305173000000     
  0.634666938000000     
  0.480194464000000     
  0.292368669000000     
  0.125177957000000     
   1.00000000000000     
  0.995962076000000     
  0.994576578000000     
  0.992724317000000     
  0.990242669000000     
  0.986835925000000     
  0.982043478000000     
  0.975423095000000     
  0.966596052000000     
  0.955183646000000     
  0.940172215000000     
  0.920540072000000     
  0.894615354000000     
  0.859810689000000     
  0.811951963000000     
  0.742046033000000     
  0.635450223000000     
  0.480920626000000     
  0.292918339000000     
  0.125476049000000     
   1.00000000000000     
  0.995962076000000     
  0.994576578000000     
  0.992724317000000     
  0.990242669000000     
  0.986835925000000     
  0.982043478000000     
  0.975423095000000     
  0.966596052000000     
  0.955235894000000     
  0.940427568000000     
  0.920845810000000     
  0.894973980000000     
  0.860231170000000     
  0.812454366000000     
  0.742637479000000     
  0.636085292000000     
  0.481514163000000     
  0.293361298000000     
  0.125711951000000     
   1.00000000000000     
  0.995962076000000     
  0.994576578000000     
  0.992724317000000     
  0.990242669000000     
  0.986835925000000     
  0.982043478000000     
  0.975423095000000     
  0.966596052000000     
  0.955235894000000     
  0.940479008000000     
  0.921095914000000     
  0.895271226000000     
  0.860576012000000     
  0.812851688000000     
  0.743096994000000     
  0.636592282000000     
  0.481995388000000     
  0.293723355000000     
  0.125902056000000     
   1.00000000000000     
  0.995962076000000     
  0.994576578000000     
  0.992724317000000     
  0.990242669000000     
  0.986835925000000     
  0.982043478000000     
  0.975423095000000     
  0.966596052000000     
  0.955235894000000     
  0.940479008000000     
  0.921146296000000     
  0.895514384000000     
  0.860861834000000     
  0.813177538000000     
  0.743460397000000     
  0.636986180000000     
  0.482379561000000     
  0.294016902000000     
  0.126057440000000     
   1.00000000000000     
  0.995962076000000     
  0.994576578000000     
  0.992724317000000     
  0.990242669000000     
  0.986835925000000     
  0.982043478000000     
  0.975423095000000     
  0.966596052000000     
  0.955235894000000     
  0.940479008000000     
  0.921146296000000     
  0.895563367000000     
  0.861095646000000     
  0.813447617000000     
  0.743758429000000     
  0.637297691000000     
  0.482678039000000     
  0.294251248000000     
  0.126183422000000     
   1.00000000000000     
  0.995962076000000     
  0.994576578000000     
  0.992724317000000     
  0.990242669000000     
  0.986835925000000     
  0.982043478000000     
  0.975423095000000     
  0.966596052000000     
  0.955235894000000     
  0.940479008000000     
  0.921146296000000     
  0.895563367000000     
  0.861142747000000     
  0.813668551000000     
  0.744005453000000     
  0.637553166000000     
  0.482914087000000     
  0.294433319000000     
  0.126283996000000     
   1.00000000000000     
  0.995962076000000     
  0.994576578000000     
  0.992724317000000     
  0.990242669000000     
  0.986835925000000     
  0.982043478000000     
  0.975423095000000     
  0.966596052000000     
  0.955235894000000     
  0.940479008000000     
  0.921146296000000     
  0.895563367000000     
  0.861142747000000     
  0.813713058000000     
  0.744207526000000     
  0.637764916000000     
  0.483107674000000     
  0.294577308000000     
  0.126362136000000     
   1.00000000000000     
  0.995962076000000     
  0.994576578000000     
  0.992724317000000     
  0.990242669000000     
  0.986835925000000     
  0.982043478000000     
  0.975423095000000     
  0.966596052000000     
  0.955235894000000     
  0.940479008000000     
  0.921146296000000     
  0.895563367000000     
  0.861142747000000     
  0.813713058000000     
  0.744248233000000     
  0.637938134000000     
  0.483268128000000     
  0.294695396000000     
  0.126423932000000     
   1.00000000000000     
  0.995962076000000     
  0.994576578000000     
  0.992724317000000     
  0.990242669000000     
  0.986835925000000     
  0.982043478000000     
  0.975423095000000     
  0.966596052000000     
  0.955235894000000     
  0.940479008000000     
  0.921146296000000     
  0.895563367000000     
  0.861142747000000     
  0.813713058000000     
  0.744248233000000     
  0.637973028000000     
  0.483399384000000     
  0.294793272000000     
  0.126474612000000     
   1.00000000000000     
  0.995962076000000     
  0.994576578000000     
  0.992724317000000     
  0.990242669000000     
  0.986835925000000     
  0.982043478000000     
  0.975423095000000     
  0.966596052000000     
  0.955235894000000     
  0.940479008000000     
  0.921146296000000     
  0.895563367000000     
  0.861142747000000     
  0.813713058000000     
  0.744248233000000     
  0.637973028000000     
  0.483425826000000     
  0.294873339000000     
  0.126516617000000     
   1.00000000000000     
  0.995962076000000     
  0.994576578000000     
  0.992724317000000     
  0.990242669000000     
  0.986835925000000     
  0.982043478000000     
  0.975423095000000     
  0.966596052000000     
  0.955235894000000     
  0.940479008000000     
  0.921146296000000     
  0.895563367000000     
  0.861142747000000     
  0.813713058000000     
  0.744248233000000     
  0.637973028000000     
  0.483425826000000     
  0.294889468000000     
  0.126550980000000     
   1.00000000000000     
  0.995962076000000     
  0.994576578000000     
  0.992724317000000     
  0.990242669000000     
  0.986835925000000     
  0.982043478000000     
  0.975423095000000     
  0.966596052000000     
  0.955235894000000     
  0.940479008000000     
  0.921146296000000     
  0.895563367000000     
  0.861142747000000     
  0.813713058000000     
  0.744248233000000     
  0.637973028000000     
  0.483425826000000     
  0.294889468000000     
  0.126557902000000     
   1.00000000000000     
  0.995962076000000     
  0.994576578000000     
  0.992724317000000     
  0.990242669000000     
  0.986835925000000     
  0.982043478000000     
  0.975423095000000     
  0.966596052000000     
  0.955235894000000     
  0.940479008000000     
  0.921146296000000     
  0.895563367000000     
  0.861142747000000     
  0.813713058000000     
  0.744248233000000     
  0.637973028000000     
  0.483425826000000     
  0.294889468000000     
  0.126557902000000     
   1.00000000000000     
  0.995962076000000     
  0.994576578000000     
  0.992724317000000     
  0.990242669000000     
  0.986835925000000     
  0.982043478000000     
  0.975423095000000     
  0.966596052000000     
  0.955235894000000     
  0.940479008000000     
  0.921146296000000     
  0.895563367000000     
  0.861142747000000     
  0.813713058000000     
  0.744248233000000     
  0.637973028000000     
  0.483425826000000     
  0.294889468000000     
  0.126557902000000     
   1.00000000000000     
  0.995962076000000     
  0.994576578000000     
  0.992724317000000     
  0.990242669000000     
  0.986835925000000     
  0.982043478000000     
  0.975423095000000     
  0.966596052000000     
  0.955235894000000     
  0.940479008000000     
  0.921146296000000     
  0.895563367000000     
  0.861142747000000     
  0.813713058000000     
  0.744248233000000     
  0.637973028000000     
  0.483425826000000     
  0.294889468000000     
  0.126557902000000     
   1.00000000000000     
  0.995962076000000     
  0.994576578000000     
  0.992724317000000     
  0.990242669000000     
  0.986835925000000     
  0.982043478000000     
  0.975423095000000     
  0.966596052000000     
  0.955235894000000     
  0.940479008000000     
  0.921146296000000     
  0.895563367000000     
  0.861142747000000     
  0.813713058000000     
  0.744248233000000     
  0.637973028000000     
  0.483425826000000     
  0.294889468000000     
  0.126557902000000     
   1.00000000000000     
  0.995962076000000     
  0.994576578000000     
  0.992724317000000     
  0.990242669000000     
  0.986835925000000     
  0.982043478000000     
  0.975423095000000     
  0.966596052000000     
  0.955235894000000     
  0.940479008000000     
  0.921146296000000     
  0.895563367000000     
  0.861142747000000     
  0.813713058000000     
  0.744248233000000     
  0.637973028000000     
  0.483425826000000     
  0.294889468000000     
  0.126557902000000     
   1.00000000000000     
  0.995962076000000     
  0.994576578000000     
  0.992724317000000     
  0.990242669000000     
  0.986835925000000     
  0.982043478000000     
  0.975423095000000     
  0.966596052000000     
  0.955235894000000     
  0.940479008000000     
  0.921146296000000     
  0.895563367000000     
  0.861142747000000     
  0.813713058000000     
  0.744248233000000     
  0.637973028000000     
  0.483425826000000     
  0.294889468000000     
  0.126557902000000     
   1.00000000000000     
  0.995962076000000     
  0.994576578000000     
  0.992724317000000     
  0.990242669000000     
  0.986835925000000     
  0.982043478000000     
  0.975423095000000     
  0.966596052000000     
  0.955235894000000     
  0.940479008000000     
  0.921146296000000     
  0.895563367000000     
  0.861142747000000     
  0.813713058000000     
  0.744248233000000     
  0.637973028000000     
  0.483425826000000     
  0.294889468000000     
  0.126557902000000     
   1.00000000000000     
  0.995962076000000     
  0.994576578000000     
  0.992724317000000     
  0.990242669000000     
  0.986835925000000     
  0.982043478000000     
  0.975423095000000     
  0.966596052000000     
  0.955235894000000     
  0.940479008000000     
  0.921146296000000     
  0.895563367000000     
  0.861142747000000     
  0.813713058000000     
  0.744248233000000     
  0.637973028000000     
  0.483425826000000     
  0.294889468000000     
  0.126557902000000     
   1.00000000000000     
  0.995962076000000     
  0.994576578000000     
  0.992724317000000     
  0.990242669000000     
  0.986835925000000     
  0.982043478000000     
  0.975423095000000     
  0.966596052000000     
  0.955235894000000     
  0.940479008000000     
  0.921146296000000     
  0.895563367000000     
  0.861142747000000     
  0.813713058000000     
  0.744248233000000     
  0.637973028000000     
  0.483425826000000     
  0.294889468000000     
  0.126557902000000     
   1.00000000000000     
  0.995962076000000     
  0.994576578000000     
  0.992724317000000     
  0.990242669000000     
  0.986835925000000     
  0.982043478000000     
  0.975423095000000     
  0.966596052000000     
  0.955235894000000     
  0.940479008000000     
  0.921146296000000     
  0.895563367000000     
  0.861142747000000     
  0.813713058000000     
  0.744248233000000     
  0.637973028000000     
  0.483425826000000     
  0.294889468000000     
  0.126557902000000     
   1.00000000000000     
  0.995962076000000     
  0.994576578000000     
  0.992724317000000     
  0.990242669000000     
  0.986835925000000     
  0.982043478000000     
  0.975423095000000     
  0.966596052000000     
  0.955235894000000     
  0.940479008000000     
  0.921146296000000     
  0.895563367000000     
  0.861142747000000     
  0.813713058000000     
  0.744248233000000     
  0.637973028000000     
  0.483425826000000     
  0.294889468000000     
  0.126557902000000     
   1.00000000000000     
  0.995962076000000     
  0.994576578000000     
  0.992724317000000     
  0.990242669000000     
  0.986835925000000     
  0.982043478000000     
  0.975423095000000     
  0.966596052000000     
  0.955235894000000     
  0.940479008000000     
  0.921146296000000     
  0.895563367000000     
  0.861142747000000     
  0.813713058000000     
  0.744248233000000     
  0.637973028000000     
  0.483425826000000     
  0.294889468000000     
  0.126557902000000     
   1.00000000000000     
  0.995962076000000     
  0.994576578000000     
  0.992724317000000     
  0.990242669000000     
  0.986835925000000     
  0.982043478000000     
  0.975423095000000     
  0.966596052000000     
  0.955235894000000     
  0.940479008000000     
  0.921146296000000     
  0.895563367000000     
  0.861142747000000     
  0.813713058000000     
  0.744248233000000     
  0.637973028000000     
  0.483425826000000     
  0.294889468000000     
  0.126557902000000     
   1.00000000000000     
  0.995962076000000     
  0.994576578000000     
  0.992724317000000     
  0.990242669000000     
  0.986835925000000     
  0.982043478000000     
  0.975423095000000     
  0.966596052000000     
  0.955235894000000     
  0.940479008000000     
  0.921146296000000     
  0.895563367000000     
  0.861142747000000     
  0.813713058000000     
  0.744248233000000     
  0.637973028000000     
  0.483425826000000     
  0.294889468000000     
  0.126557902000000     
   1.00000000000000     
  0.995962076000000     
  0.994576578000000     
  0.992724317000000     
  0.990242669000000     
  0.986835925000000     
  0.982043478000000     
  0.975423095000000     
  0.966596052000000     
  0.955235894000000     
  0.940479008000000     
  0.921146296000000     
  0.895563367000000     
  0.861142747000000     
  0.813713058000000     
  0.744248233000000     
  0.637973028000000     
  0.483425826000000     
  0.294889468000000     
  0.126557902000000     
   1.00000000000000     
  0.995962076000000     
  0.994576578000000     
  0.992724317000000     
  0.990242669000000     
  0.986835925000000     
  0.982043478000000     
  0.975423095000000     
  0.966596052000000     
  0.955235894000000     
  0.940479008000000     
  0.921146296000000     
  0.895563367000000     
  0.861142747000000     
  0.813713058000000     
  0.744248233000000     
  0.637973028000000     
  0.483425826000000     
  0.294889468000000     
  0.126557902000000     
   1.00000000000000     
  0.995962076000000     
  0.994576578000000     
  0.992724317000000     
  0.990242669000000     
  0.986835925000000     
  0.982043478000000     
  0.975423095000000     
  0.966596052000000     
  0.955235894000000     
  0.940479008000000     
  0.921146296000000     
  0.895563367000000     
  0.861142747000000     
  0.813713058000000     
  0.744248233000000     
  0.637973028000000     
  0.483425826000000     
  0.294889468000000     
  0.126557902000000     
   1.00000000000000     
  0.995962076000000     
  0.994576578000000     
  0.992724317000000     
  0.990242669000000     
  0.986835925000000     
  0.982043478000000     
  0.975423095000000     
  0.966596052000000     
  0.955235894000000     
  0.940479008000000     
  0.921146296000000     
  0.895563367000000     
  0.861142747000000     
  0.813713058000000     
  0.744248233000000     
  0.637973028000000     
  0.483425826000000     
  0.294889468000000     
  0.126557902000000     
   1.00000000000000     
  0.995962076000000     
  0.994576578000000     
  0.992724317000000     
  0.990242669000000     
  0.986835925000000     
  0.982043478000000     
  0.975423095000000     
  0.966596052000000     
  0.955235894000000     
  0.940479008000000     
  0.921146296000000     
  0.895563367000000     
  0.861142747000000     
  0.813713058000000     
  0.744248233000000     
  0.637973028000000     
  0.483425826000000     
  0.294889468000000     
  0.126557902000000     
   1.00000000000000     
  0.995962076000000     
  0.994576578000000     
  0.992724317000000     
  0.990242669000000     
  0.986835925000000     
  0.982043478000000     
  0.975423095000000     
  0.966596052000000     
  0.955235894000000     
  0.940479008000000     
  0.921146296000000     
  0.895563367000000     
  0.861142747000000     
  0.813713058000000     
  0.744248233000000     
  0.637973028000000     
  0.483425826000000     
  0.294889468000000     
  0.126557902000000     
   1.00000000000000     
  0.995962076000000     
  0.994576578000000     
  0.992724317000000     
  0.990242669000000     
  0.986835925000000     
  0.982043478000000     
  0.975423095000000     
  0.966596052000000     
  0.955235894000000     
  0.940479008000000     
  0.921146296000000     
  0.895563367000000     
  0.861142747000000     
  0.813713058000000     
  0.744248233000000     
  0.637973028000000     
  0.483425826000000     
  0.294889468000000     
  0.126557902000000     
   1.00000000000000     
  0.995962076000000     
  0.994576578000000     
  0.992724317000000     
  0.990242669000000     
  0.986835925000000     
  0.982043478000000     
  0.975423095000000     
  0.966596052000000     
  0.955235894000000     
  0.940479008000000     
  0.921146296000000     
  0.895563367000000     
  0.861142747000000     
  0.813713058000000     
  0.744248233000000     
  0.637973028000000     
  0.483425826000000     
  0.294889468000000     
  0.126557902000000     
   1.00000000000000     
  0.995962076000000     
  0.994576578000000     
  0.992724317000000     
  0.990242669000000     
  0.986835925000000     
  0.982043478000000     
  0.975423095000000     
  0.966596052000000     
  0.955235894000000     
  0.940479008000000     
  0.921146296000000     
  0.895563367000000     
  0.861142747000000     
  0.813713058000000     
  0.744248233000000     
  0.637973028000000     
  0.483425826000000     
  0.294889468000000     
  0.126557902000000     
   1.00000000000000     
  0.995962076000000     
  0.994576578000000     
  0.992724317000000     
  0.990242669000000     
  0.986835925000000     
  0.982043478000000     
  0.975423095000000     
  0.966596052000000     
  0.955235894000000     
  0.940479008000000     
  0.921146296000000     
  0.895563367000000     
  0.861142747000000     
  0.813713058000000     
  0.744248233000000     
  0.637973028000000     
  0.483425826000000     
  0.294889468000000     
  0.126557902000000     
   1.00000000000000     
  0.995962076000000     
  0.994576578000000     
  0.992724317000000     
  0.990242669000000     
  0.986835925000000     
  0.982043478000000     
  0.975423095000000     
  0.966596052000000     
  0.955235894000000     
  0.940479008000000     
  0.921146296000000     
  0.895563367000000     
  0.861142747000000     
  0.813713058000000     
  0.744248233000000     
  0.637973028000000     
  0.483425826000000     
  0.294889468000000     
  0.126557902000000     
   1.00000000000000     
  0.995962076000000     
  0.994576578000000     
  0.992724317000000     
  0.990242669000000     
  0.986835925000000     
  0.982043478000000     
  0.975423095000000     
  0.966596052000000     
  0.955235894000000     
  0.940479008000000     
  0.921146296000000     
  0.895563367000000     
  0.861142747000000     
  0.813713058000000     
  0.744248233000000     
  0.637973028000000     
  0.483425826000000     
  0.294889468000000     
  0.126557902000000     
   1.00000000000000     
  0.995962076000000     
  0.994576578000000     
  0.992724317000000     
  0.990242669000000     
  0.986835925000000     
  0.982043478000000     
  0.975423095000000     
  0.966596052000000     
  0.955235894000000     
  0.940479008000000     
  0.921146296000000     
  0.895563367000000     
  0.861142747000000     
  0.813713058000000     
  0.744248233000000     
  0.637973028000000     
  0.483425826000000     
  0.294889468000000     
  0.126557902000000     
   1.00000000000000     
  0.995962076000000     
  0.994576578000000     
  0.992724317000000     
  0.990242669000000     
  0.986835925000000     
  0.982043478000000     
  0.975423095000000     
  0.966596052000000     
  0.955235894000000     
  0.940479008000000     
  0.921146296000000     
  0.895563367000000     
  0.861142747000000     
  0.813713058000000     
  0.744248233000000     
  0.637973028000000     
  0.483425826000000     
  0.294889468000000     
  0.126557902000000     
   1.00000000000000     
  0.995962076000000     
  0.994576578000000     
  0.992724317000000     
  0.990242669000000     
  0.986835925000000     
  0.982043478000000     
  0.975423095000000     
  0.966596052000000     
  0.955235894000000     
  0.940479008000000     
  0.921146296000000     
  0.895563367000000     
  0.861142747000000     
  0.813713058000000     
  0.744248233000000     
  0.637973028000000     
  0.483425826000000     
  0.294889468000000     
  0.126557902000000     
   1.00000000000000     
  0.995962076000000     
  0.994576578000000     
  0.992724317000000     
  0.990242669000000     
  0.986835925000000     
  0.982043478000000     
  0.975423095000000     
  0.966596052000000     
  0.955235894000000     
  0.940479008000000     
  0.921146296000000     
  0.895563367000000     
  0.861142747000000     
  0.813713058000000     
  0.744248233000000     
  0.637973028000000     
  0.483425826000000     
  0.294889468000000     
  0.126557902000000     
   1.00000000000000     
  0.995962076000000     
  0.994576578000000     
  0.992724317000000     
  0.990242669000000     
  0.986835925000000     
  0.982043478000000     
  0.975423095000000     
  0.966596052000000     
  0.955235894000000     
  0.940479008000000     
  0.921146296000000     
  0.895563367000000     
  0.861142747000000     
  0.813713058000000     
  0.744248233000000     
  0.637973028000000     
  0.483425826000000     
  0.294889468000000     
  0.126557902000000     
   1.00000000000000     
  0.995962076000000     
  0.994576578000000     
  0.992724317000000     
  0.990242669000000     
  0.986835925000000     
  0.982043478000000     
  0.975423095000000     
  0.966596052000000     
  0.955235894000000     
  0.940479008000000     
  0.921146296000000     
  0.895563367000000     
  0.861142747000000     
  0.813713058000000     
  0.744248233000000     
  0.637973028000000     
  0.483425826000000     
  0.294889468000000     
  0.126557902000000     
   1.00000000000000     
  0.995962076000000     
  0.994576578000000     
  0.992724317000000     
  0.990242669000000     
  0.986835925000000     
  0.982043478000000     
  0.975423095000000     
  0.966596052000000     
  0.955235894000000     
  0.940479008000000     
  0.921146296000000     
  0.895563367000000     
  0.861142747000000     
  0.813713058000000     
  0.744248233000000     
  0.637973028000000     
  0.483425826000000     
  0.294889468000000     
  0.126557902000000     
   1.00000000000000     
  0.995962076000000     
  0.994576578000000     
  0.992724317000000     
  0.990242669000000     
  0.986835925000000     
  0.982043478000000     
  0.975423095000000     
  0.966596052000000     
  0.955235894000000     
  0.940479008000000     
  0.921146296000000     
  0.895563367000000     
  0.861142747000000     
  0.813713058000000     
  0.744248233000000     
  0.637973028000000     
  0.483425826000000     
  0.294889468000000     
  0.126557902000000     
   1.00000000000000     
  0.995962076000000     
  0.994576578000000     
  0.992724317000000     
  0.990242669000000     
  0.986835925000000     
  0.982043478000000     
  0.975423095000000     
  0.966596052000000     
  0.955235894000000     
  0.940479008000000     
  0.921146296000000     
  0.895563367000000     
  0.861142747000000     
  0.813713058000000     
  0.744248233000000     
  0.637973028000000     
  0.483425826000000     
  0.294889468000000     
  0.126557902000000     
   1.00000000000000     
  0.995962076000000     
  0.994576578000000     
  0.992724317000000     
  0.990242669000000     
  0.986835925000000     
  0.982043478000000     
  0.975423095000000     
  0.966596052000000     
  0.955235894000000     
  0.940479008000000     
  0.921146296000000     
  0.895563367000000     
  0.861142747000000     
  0.813713058000000     
  0.744248233000000     
  0.637973028000000     
  0.483425826000000     
  0.294889468000000     
  0.126557902000000     
   1.00000000000000     
  0.995962076000000     
  0.994576578000000     
  0.992724317000000     
  0.990242669000000     
  0.986835925000000     
  0.982043478000000     
  0.975423095000000     
  0.966596052000000     
  0.955235894000000     
  0.940479008000000     
  0.921146296000000     
  0.895563367000000     
  0.861142747000000     
  0.813713058000000     
  0.744248233000000     
  0.637973028000000     
  0.483425826000000     
  0.294889468000000     
  0.126557902000000     
   1.00000000000000     
  0.995962076000000     
  0.994576578000000     
  0.992724317000000     
  0.990242669000000     
  0.986835925000000     
  0.982043478000000     
  0.975423095000000     
  0.966596052000000     
  0.955235894000000     
  0.940479008000000     
  0.921146296000000     
  0.895563367000000     
  0.861142747000000     
  0.813713058000000     
  0.744248233000000     
  0.637973028000000     
  0.483425826000000     
  0.294889468000000     
  0.126557902000000     
   1.00000000000000     
  0.995962076000000     
  0.994576578000000     
  0.992724317000000     
  0.990242669000000     
  0.986835925000000     
  0.982043478000000     
  0.975423095000000     
  0.966596052000000     
  0.955235894000000     
  0.940479008000000     
  0.921146296000000     
  0.895563367000000     
  0.861142747000000     
  0.813713058000000     
  0.744248233000000     
  0.637973028000000     
  0.483425826000000     
  0.294889468000000     
  0.126557902000000     
   1.00000000000000     
  0.995962076000000     
  0.994576578000000     
  0.992724317000000     
  0.990242669000000     
  0.986835925000000     
  0.982043478000000     
  0.975423095000000     
  0.966596052000000     
  0.955235894000000     
  0.940479008000000     
  0.921146296000000     
  0.895563367000000     
  0.861142747000000     
  0.813713058000000     
  0.744248233000000     
  0.637973028000000     
  0.483425826000000     
  0.294889468000000     
  0.126557902000000     
   1.00000000000000     
  0.995962076000000     
  0.994576578000000     
  0.992724317000000     
  0.990242669000000     
  0.986835925000000     
  0.982043478000000     
  0.975423095000000     
  0.966596052000000     
  0.955235894000000     
  0.940479008000000     
  0.921146296000000     
  0.895563367000000     
  0.861142747000000     
  0.813713058000000     
  0.744248233000000     
  0.637973028000000     
  0.483425826000000     
  0.294889468000000     
  0.126557902000000     
   1.00000000000000     
  0.995962076000000     
  0.994576578000000     
  0.992724317000000     
  0.990242669000000     
  0.986835925000000     
  0.982043478000000     
  0.975423095000000     
  0.966596052000000     
  0.955235894000000     
  0.940479008000000     
  0.921146296000000     
  0.895563367000000     
  0.861142747000000     
  0.813713058000000     
  0.744248233000000     
  0.637973028000000     
  0.483425826000000     
  0.294889468000000     
  0.126557902000000     
   1.00000000000000     
  0.995962076000000     
  0.994576578000000     
  0.992724317000000     
  0.990242669000000     
  0.986835925000000     
  0.982043478000000     
  0.975423095000000     
  0.966596052000000     
  0.955235894000000     
  0.940479008000000     
  0.921146296000000     
  0.895563367000000     
  0.861142747000000     
  0.813713058000000     
  0.744248233000000     
  0.637973028000000     
  0.483425826000000     
  0.294889468000000     
  0.126557902000000     
   1.00000000000000     
  0.995962076000000     
  0.994576578000000     
  0.992724317000000     
  0.990242669000000     
  0.986835925000000     
  0.982043478000000     
  0.975423095000000     
  0.966596052000000     
  0.955235894000000     
  0.940479008000000     
  0.921146296000000     
  0.895563367000000     
  0.861142747000000     
  0.813713058000000     
  0.744248233000000     
  0.637973028000000     
  0.483425826000000     
  0.294889468000000     
  0.126557902000000     
   1.00000000000000     
  0.995962076000000     
  0.994576578000000     
  0.992724317000000     
  0.990242669000000     
  0.986835925000000     
  0.982043478000000     
  0.975423095000000     
  0.966596052000000     
  0.955235894000000     
  0.940479008000000     
  0.921146296000000     
  0.895563367000000     
  0.861142747000000     
  0.813713058000000     
  0.744248233000000     
  0.637973028000000     
  0.483425826000000     
  0.294889468000000     
  0.126557902000000     
   1.00000000000000     
  0.995962076000000     
  0.994576578000000     
  0.992724317000000     
  0.990242669000000     
  0.986835925000000     
  0.982043478000000     
  0.975423095000000     
  0.966596052000000     
  0.955235894000000     
  0.940479008000000     
  0.921146296000000     
  0.895563367000000     
  0.861142747000000     
  0.813713058000000     
  0.744248233000000     
  0.637973028000000     
  0.483425826000000     
  0.294889468000000     
  0.126557902000000     
   1.00000000000000     
  0.995962076000000     
  0.994576578000000     
  0.992724317000000     
  0.990242669000000     
  0.986835925000000     
  0.982043478000000     
  0.975423095000000     
  0.966596052000000     
  0.955235894000000     
  0.940479008000000     
  0.921146296000000     
  0.895563367000000     
  0.861142747000000     
  0.813713058000000     
  0.744248233000000     
  0.637973028000000     
  0.483425826000000     
  0.294889468000000     
  0.126557902000000     
   1.00000000000000     
  0.995962076000000     
  0.994576578000000     
  0.992724317000000     
  0.990242669000000     
  0.986835925000000     
  0.982043478000000     
  0.975423095000000     
  0.966596052000000     
  0.955235894000000     
  0.940479008000000     
  0.921146296000000     
  0.895563367000000     
  0.861142747000000     
  0.813713058000000     
  0.744248233000000     
  0.637973028000000     
  0.483425826000000     
  0.294889468000000     
  0.126557902000000     
   1.00000000000000     
  0.995962076000000     
  0.994576578000000     
  0.992724317000000     
  0.990242669000000     
  0.986835925000000     
  0.982043478000000     
  0.975423095000000     
  0.966596052000000     
  0.955235894000000     
  0.940479008000000     
  0.921146296000000     
  0.895563367000000     
  0.861142747000000     
  0.813713058000000     
  0.744248233000000     
  0.637973028000000     
  0.483425826000000     
  0.294889468000000     
  0.126557902000000     
   1.00000000000000     
  0.995962076000000     
  0.994576578000000     
  0.992724317000000     
  0.990242669000000     
  0.986835925000000     
  0.982043478000000     
  0.975423095000000     
  0.966596052000000     
  0.955235894000000     
  0.940479008000000     
  0.921146296000000     
  0.895563367000000     
  0.861142747000000     
  0.813713058000000     
  0.744248233000000     
  0.637973028000000     
  0.483425826000000     
  0.294889468000000     
  0.126557902000000     
