8.091189712285999
8.091189712285999
8.091189712285999
8.091189712285995
8.312576413154602
8.534986525774002
8.425958901643753
7.851896733045578
7.288318574428558
7.19347506761551
7.557692974805833
7.937824130058288
7.988332808017732
7.738108038902284
7.499317675828935
7.39024430513382
7.343128472566604
7.310000061988831
7.278489321470261
7.248597592115402
7.220322638750076
7.193666696548462
7.16862827539444
7.145208120346069
7.123406231403351
7.103221863508224
7.08465650677681
7.067708671092987
7.052378356456757
7.038666307926178
7.026573270559311
7.016097009181976
7.007239758968353
7.000000029802322
