.9938499927520752
.9935200214385986
.991919994354248
.9882500171661377
.9818199872970581
.9711999893188477
.9546200037002563
.9343699812889099
.8984000086784363
.8560799956321716
.7938100099563599
.6978099942207336
.5668799877166748
.4114300012588501
.2705999910831451
.1551900058984756
.993149995803833
.9930400252342224
.9915000200271606
.987779974937439
.9813500046730042
.9709200263023376
.95524001121521
.9341700077056885
.9009100198745728
.858519971370697
.798550009727478
.7039999961853027
.5799400210380554
.4255099892616272
.2792400121688843
.1628299951553345
.9928399920463562
.9929800033569336
.9917100071907043
.9882799983024597
.9821299910545349
.9720799922943115
.958329975605011
.9364799857139587
.9073200225830078
.8670700192451477
.8047500252723694
.7209299802780151
.6032500267028809
.4535099864006042
.3035100102424622
.1812400072813034
.9934300184249878
.9935600161552429
.9929800033569336
.9902399778366089
.9848899841308594
.9761199951171875
.9629799723625183
.9449599981307983
.9164999723434448
.8826000094413757
.8237199783325195
.7536100149154663
.638480007648468
.4970099925994873
.3421500027179718
.2100300043821335
.99413001537323
.9939699769020081
.993340015411377
.991349995136261
.9869400262832642
.9790199995040894
.9666100144386292
.9484900236129761
.9227700233459473
.8870900273323059
.834850013256073
.7643300294876099
.651669979095459
.5124599933624268
.3565199971199036
.2189200073480606
.9944800138473511
.9939699769020081
.9926300048828125
.9907199740409851
.9873700141906738
.9806699752807617
.9690999984741211
.9517899751663208
.9260299801826477
.8923199772834778
.8403300046920776
.7706900238990784
.6603099703788757
.5179499983787537
.3550100028514862
.2124000042676926
.9946200251579285
.9939900040626526
.9922800064086914
.9899799823760986
.9869499802589417
.9813799858093262
.9716799855232239
.9556800127029419
.931659996509552
.8988699913024902
.8517900109291077
.7851399779319763
.6749100089073181
.5360199809074402
.3691099882125854
.2219099998474121
.9951800107955933
.9950299859046936
.9935399889945984
.9911999702453613
.9875699877738953
.9824000000953674
.9739199876785278
.9592599868774414
.9362999796867371
.9050800204277039
.8576300144195557
.7912499904632568
.6761400103569031
.5281400084495544
.3545899987220764
.2036399990320206
.9952600002288818
.9952200055122375
.9944199919700623
.9920399785041809
.9880800247192383
.9822999835014343
.9747200012207031
.9622300267219543
.9419500231742859
.9129800200462341
.868690013885498
.8013700246810913
.6871500015258789
.5285199880599976
.3443599939346313
.1890199929475784
.9952300190925598
.9949700236320496
.9943900108337402
.9926699995994568
.9888700246810913
.98294997215271
.9747499823570251
.9644899964332581
.9474700093269348
.9224100112915039
.8827800154685974
.8200299739837646
.7178900241851807
.5588700175285339
.36599001288414
.2011300027370453
.9957699775695801
.9951300024986267
.9943299889564514
.9929400086402893
.9900100231170654
.9842600226402283
.9756399989128113
.9645500183105469
.9501799941062927
.9277899861335754
.8910899758338928
.832099974155426
.7374600172042847
.5885300040245056
.3884199857711792
.2181600034236908
.99574388
.99507612
.9942484700000001
.99287941
.98996785
.9843003
.97556926
.96437037
.95001057
.92808484
.89125436
.83231612
.73651914
.59218844
.39430415
.22438349
.9950088499999999
.99384606
.99264263
.99123185
.9891822300000001
.98442421
.97550868
.96341504
.94817127
.92876068
.89336068
.83684719
.7434168799999999
.60169542
.43003608
.25176282
.99568552
.99367202
.9924817500000001
.99126877
.98908249
.98461031
.97661624
.96491361
.94993417
.92940077
.89625397
.84050531
.74866968
.61152836
.43773578
.25300114
.99587657
.99373597
.99256532
.99150962
.98958377
.9854607399999999
.97799189
.9669479
.95301365
.9339288
.90299763
.85008943
.76189104
.627022
.45098832
.26015718
.9961892
.99390448
.99278635
.99197426
.99040325
.98676157
.98002272
.97003102
.95776782
.94072077
.9129606
.86442
.78147809
.65104431
.47333564
.27217662
.9963978999999999
.994068
.99298734
.99231761
.99094972
.98758351
.98127619
.97191296
.96069191
.94492807
.9189903
.87309286
.7935854
.6660236
.48792705
.28047201
.99660205
.99426254
.9932216699999999
.99266805
.99147936
.98837564
.98246802
.97366994
.96333141
.9488115
.9246961
.8812134700000001
.80495682
.6804211
.50205768
.28884149
.9968010899999999
.99448261
.9934858600000001
.9930281
.99198729
.98912731
.98361422
.97534965
.9657738300000001
.95232853
.9299983000000001
.88897427
.81580939
.69430479
.51606312
.29718865
.99698258
.9947092
.99375667
.99337317
.99244847
.98979269
.9846339200000001
.9768717099999999
.96793742
.95537724
.93455746
.8958387799999999
.82570738
.70704472
.52913765
.30520115
.99714935
.99493654
.99402667
.99370176
.99287243
.9903951
.98554884
.9782501
.96990985
.9581182499999999
.93861001
.9019324
.83476329
.71909794
.54165125
.31299674
.99730143
.99516126
.9942931699999999
.99401269
.9932609999999999
.99094144
.98637566
.9794878299999999
.97168036
.96060736
.94226552
.90741372
.84295179
.73037829
.55383499
.32070779
.99744597
.99538603
.99455945
.99431497
.99362921
.99145441
.98715165
.980649
.97331895
.96292467
.94571091
.91256693
.8506462
.7410577
.56579567
.32862754
.99758045
.99560701
.99482126
.9946041
.99397238
.99192707
.98786553
.98171927
.97481559
.96502227
.94885893
.9173533
.85781293
.75105764
.57714677
.33646845
.99770859
.99582528
.9950796200000001
.99488395
.99429808
.99237165
.98853518
.98272443
.97621485
.9669747400000001
.9517735000000001
.9218350400000001
.86464687
.76064601
.58811314
.34411823
.99783344
.9960445999999999
.99533941
.99516142
.99461645
.99280359
.98918484
.98369879
.97756529
.96885836
.95458471
.9261633500000001
.87135243
.77028303
.59928439
.35200409
.99795637
.99626637
.99560129
.99543628
.9949261
.99322003
.98981019
.98463742
.97885752
.97065422
.9572611
.93029073
.87776254
.77965052
.6104263
.35997243
.9980772999999999
.99648915
.99586435
.99570952
.9952306
.99362758
.99042176
.9855557700000001
.98011669
.97239928
.95986246
.9343249
.88407705
.7889628
.6217759899999999
.36838586
.99819219
.99670529
.99611983
.99597258
.99552093
.99401459
.99100206
.98642754
.98130759
.97404722
.96231803
.93815556
.89013556
.79801964
.63299728
.37696415
