.99574388
.99507612
.9942484700000001
.99287941
.98996785
.9843003
.97556926
.96437037
.95001057
.92808484
.89125436
.83231612
.73651914
.59218844
.39430415
.22438349
.9950088499999999
.99384606
.99264263
.99123185
.9891822300000001
.98442421
.97550868
.96341504
.94817127
.92876068
.89336068
.83684719
.7434168799999999
.60169542
.43003608
.25176282
.99568552
.99367202
.9924817500000001
.99126877
.98908249
.98461031
.97661624
.96491361
.94993417
.92940077
.89625397
.84050531
.74866968
.61152836
.43773578
.25300114
.99587657
.99373597
.99256532
.99150962
.98958377
.9854607399999999
.97799189
.9669479
.95301365
.9339288
.90299763
.85008943
.76189104
.627022
.45098832
.26015718
.9961892
.99390448
.99278635
.99197426
.99040325
.98676157
.98002272
.97003102
.95776782
.94072077
.9129606
.86442
.78147809
.65104431
.47333564
.27217662
.9963978999999999
.994068
.99298734
.99231761
.99094972
.98758351
.98127619
.97191296
.96069191
.94492807
.9189903
.87309286
.7935854
.6660236
.48792705
.28047201
.99660205
.99426254
.9932216699999999
.99266805
.99147936
.98837564
.98246802
.97366994
.96333141
.9488115
.9246961
.8812134700000001
.80495682
.6804211
.50205768
.28884149
.9968010899999999
.99448261
.9934858600000001
.9930281
.99198729
.98912731
.98361422
.97534965
.9657738300000001
.95232853
.9299983000000001
.88897427
.81580939
.69430479
.51606312
.29718865
.99698258
.9947092
.99375667
.99337317
.99244847
.98979269
.9846339200000001
.9768717099999999
.96793742
.95537724
.93455746
.8958387799999999
.82570738
.70704472
.52913765
.30520115
.99714935
.99493654
.99402667
.99370176
.99287243
.9903951
.98554884
.9782501
.96990985
.9581182499999999
.93861001
.9019324
.83476329
.71909794
.54165125
.31299674
.99730143
.99516126
.9942931699999999
.99401269
.9932609999999999
.99094144
.98637566
.9794878299999999
.97168036
.96060736
.94226552
.90741372
.84295179
.73037829
.55383499
.32070779
.99744597
.99538603
.99455945
.99431497
.99362921
.99145441
.98715165
.980649
.97331895
.96292467
.94571091
.91256693
.8506462
.7410577
.56579567
.32862754
.99758045
.99560701
.99482126
.9946041
.99397238
.99192707
.98786553
.98171927
.97481559
.96502227
.94885893
.9173533
.85781293
.75105764
.57714677
.33646845
.99770859
.99582528
.9950796200000001
.99488395
.99429808
.99237165
.98853518
.98272443
.97621485
.9669747400000001
.9517735000000001
.9218350400000001
.86464687
.76064601
.58811314
.34411823
.99783344
.9960445999999999
.99533941
.99516142
.99461645
.99280359
.98918484
.98369879
.97756529
.96885836
.95458471
.9261633500000001
.87135243
.77028303
.59928439
.35200409
.99795637
.99626637
.99560129
.99543628
.9949261
.99322003
.98981019
.98463742
.97885752
.97065422
.9572611
.93029073
.87776254
.77965052
.6104263
.35997243
.9980772999999999
.99648915
.99586435
.99570952
.9952306
.99362758
.99042176
.9855557700000001
.98011669
.97239928
.95986246
.9343249
.88407705
.7889628
.6217759899999999
.36838586
.99819219
.99670529
.99611983
.99597258
.99552093
.99401459
.99100206
.98642754
.98130759
.97404722
.96231803
.93815556
.89013556
.79801964
.63299728
.37696415
