0.145667271550522
0.145667271550522
0.145667271550522
0.145667271550522
0.0990129954571933
0.0823575797231402
0.0795837273022073
0.0848169130616679
0.0946468790042572
0.104984200240626
0.109891364021937
0.103051263173365
0.0821904527942279
0.0821904527942279
0.0821904527942279
0.0275914069241134
0.0275914069241134
0.0275914069241134
0.0275914069241134
0.0627060693562737
0.0980368738891837
0.115711183967491
0.113143364881154
0.100580219044430
0.0892046842537096
0.0866196059009443
0.101055526634017
0.155446562342505
0.155446562342505
0.155446562342505