.347921897834872
.347921897834872
.347921897834872
.347921897834872
.3284756565780703
.3255253409056652
.3247931457752872
.3308932947129263
.2978705028365197
.2534198433558468
.2551113342832315
.2568619803583279
.2788465301672668
.2568575210317387
.2570916550205725
.2353795137280589
.2328370807124981
.2328370807124981
.2328370807124981
.2328370807124981
.2328370807124981
.2328370807124981
.2328370807124981
.2328370807124981
.2328370807124981
.2328370807124981
.2328370807124981
.2328370807124981
.2328370807124981
.2328370807124981
.2328370807124981
.2328370807124981
.2328370807124981
.2328370807124981
