0.266173541
0.298184109
0.330194677
0.362205245
0.394215813
0.426226381
0.458236949
0.490247517
0.522258085
0.554268653
0.586279221
0.618289789
0.650300357
0.682310925
0.714321493
0.746332061
0.778342629
0.810353197
0.842363765
0.874374333
0.906384901
0.938395469
0.970406037
1.002416605
1.034427173
1.066437741
1.098448309
1.130458877
1.162469445
1.194480013
1.226490581
1.258501149
1.290511717
1.322522285
1.354532853
1.386543421
1.418553989
1.450564557
1.482575125
1.514585693
1.546596261
1.578606829
1.610617397
1.642627965
1.674638533
1.706649101
0
0
0
0
0
0
0
0
0
0
0
0
0
0
0
0
0
0
0
0
0
0
0
0
0
0
0
0
0
0
0
0
0
0
