.04697137
.045660116
.048640829
.060667492
.082731463
.11070506
.13912612
.16383532
.18312272
.19775014
.21009697
.22294506
.23769443
.25469396
.27542722
.30107746
.32963991
.35659847
.37731078
.39084536
.39910221
.40439856
.40841031
.41203573
.41561845
.41921267
.42276883
.42622936
.42956147
.43276006
.43584117
.43883616
.44178584
.44355026
.95302862
.95433986
.95135915
.93933249
.91726851
.88929492
.86087388
.83616471
.81687725
.80224985
.78990304
.77705491
.76230556
.74530602
.72457278
.69892251
.67036009
.6434015
.62268925
.60915464
.60089779
.59560144
.59158969
.5879643
.58438158
.5807873
.57723117
.57377064
.5704385
.56723994
.5641588
.56116384
.55821419
.55644977
