0.0144214095040627
0.0144214095040627
0.0144214095040627
0.0144214095040627
0.0264340078842456
0.0222371068320196
0.0258626740515515
0.0229801216629359
0.0175603720610098
0.0228950171585149
0.0237172242158465
0.0295431554374121
0.0279393315704443
0.0279393315704443
0.0279393315704443
0.00541480574220662
0.00541480574220662
0.00541480574220662
0.00541480574220662
0.0128705102985946
0.0173576401695163
0.0209091116946895
0.0154252682898256
0.0130718134342219
0.0131539864408086
0.0151244977525069
0.0135797946912195
0.0244626423221622
0.0244626423221622
0.0244626423221622