   549432.000000000     
   547920.764000000     
   546402.838900000     
   544481.432800000     
   541869.685800000     
   538025.763800000     
   532339.479900000     
   524032.141500000     
   511856.102200000     
   495178.179700000     
   473017.992900000     
   445055.088300000     
   411819.641400000     
   371304.334300000     
   321021.612900000     
   257788.917700000     
   182365.043000000     
   105555.508200000     
   43842.4978400000     
   11748.5556900000     
   549432.000000000     
   547920.764000000     
   546402.838900000     
   544481.432800000     
   541869.685800000     
   538025.763800000     
   532339.479900000     
   524032.141500000     
   511856.102200000     
   495178.179700000     
   473017.992900000     
   445055.088300000     
   411819.641400000     
   371304.334300000     
   321021.612900000     
   257788.917700000     
   182365.043000000     
   105555.508200000     
   43842.4978400000     
   11748.5556900000     
   549432.000000000     
   547920.764000000     
   546402.838900000     
   544481.432800000     
   541869.685800000     
   538025.763800000     
   532339.479900000     
   524032.141500000     
   511856.102200000     
   495178.179700000     
   473017.992900000     
   445055.088300000     
   411819.641400000     
   371304.334300000     
   321021.612900000     
   257788.917700000     
   182365.043000000     
   105555.508200000     
   43842.4978400000     
   11748.5556900000     
   539855.000000000     
   547925.411100000     
   546408.253800000     
   544488.485500000     
   541880.580100000     
   538043.425900000     
   532366.300200000     
   524073.390700000     
   511922.797900000     
   495272.114100000     
   473156.271400000     
   445199.531200000     
   411998.593600000     
   371523.541900000     
   321289.748100000     
   258073.032900000     
   182631.183100000     
   105800.790700000     
   43984.4037000000     
   11785.0995400000     
   448839.000000000     
   538449.116100000     
   546471.811300000     
   544572.869500000     
   542003.000700000     
   538244.453100000     
   532680.911500000     
   524558.507300000     
   512689.030500000     
   496414.993900000     
   474723.479400000     
   447226.015900000     
   414132.947900000     
   374075.063500000     
   324454.803200000     
   261785.534200000     
   186034.193200000     
   108647.081300000     
   45744.3947100000     
   12307.6924500000     
   383353.000000000     
   447751.076500000     
   537092.657500000     
   544718.940400000     
   542214.795600000     
   538576.929800000     
   533215.424500000     
   525389.423500000     
   513999.639000000     
   498356.427700000     
   477475.290900000     
   450778.217400000     
   418413.799800000     
   378686.048400000     
   329902.958300000     
   268322.086700000     
   192881.360400000     
   113659.657500000     
   48888.3877100000     
   13438.0927900000     
   347441.000000000     
   382484.201800000     
   446686.400300000     
   535450.877000000     
   542469.192300000     
   538979.970400000     
   533854.182700000     
   526402.783400000     
   515597.851900000     
   500763.246500000     
   480865.965000000     
   455308.505700000     
   423903.415400000     
   385212.029900000     
   336963.632000000     
   276436.418700000     
   201710.982600000     
   121153.986800000     
   52973.0543200000     
   15022.3103000000     
   376492.000000000     
   346705.823100000     
   381621.992500000     
   445392.269800000     
   533345.783700000     
   539399.677700000     
   534536.430600000     
   527481.717400000     
   517319.215800000     
   503377.001500000     
   484626.617500000     
   460315.721000000     
   430192.089800000     
   392654.003100000     
   345717.772700000     
   285763.839500000     
   211589.424400000     
   130007.043200000     
   58543.8403600000     
   16952.9507600000     
   415969.000000000     
   375750.205200000     
   345965.756300000     
   380569.579700000     
   443734.551700000     
   530489.078800000     
   535200.342600000     
   528565.771700000     
   519047.299600000     
   506033.732400000     
   488496.775500000     
   465598.262400000     
   436819.757800000     
   400738.036900000     
   355129.774600000     
   296574.761300000     
   222382.866500000     
   139607.716400000     
   64988.2916300000     
   19526.0933200000     
   405578.000000000     
   415206.115000000     
   374992.830900000     
   345058.546400000     
   379223.196400000     
   441496.917300000     
   526596.929500000     
   529585.113700000     
   520723.133900000     
   508619.230500000     
   492313.742300000     
   470892.106800000     
   443652.647300000     
   409044.655800000     
   365051.832000000     
   307844.175900000     
   234482.246100000     
   149955.490900000     
   71998.3773800000     
   22542.7483500000     
   374899.000000000     
   404883.919300000     
   414415.934100000     
   374060.505200000     
   343899.590200000     
   377416.471100000     
   438460.162000000     
   521417.275800000     
   522269.108800000     
   511076.384900000     
   495965.518700000     
   476033.906700000     
   450418.605400000     
   417508.335700000     
   375106.586200000     
   319534.352300000     
   246949.455200000     
   161454.554200000     
   79623.4635500000     
   25905.7373800000     
   336656.000000000     
   374300.076500000     
   404154.404700000     
   413439.237000000     
   372870.826200000     
   342353.327600000     
   374974.940000000     
   434436.442600000     
   514722.890800000     
   513320.147000000     
   499395.857200000     
   480911.827600000     
   456949.234800000     
   425845.513500000     
   385292.539300000     
   331314.166100000     
   259829.171700000     
   173359.455500000     
   88176.5997400000     
   29657.6385200000     
   303216.000000000     
   336154.121800000     
   373661.334700000     
   403248.985100000     
   412194.152500000     
   371291.600100000     
   340272.184600000     
   371754.991800000     
   429276.009600000     
   506579.664400000     
   502511.147900000     
   485467.719400000     
   463129.170300000     
   433879.618600000     
   395316.211300000     
   343239.038800000     
   272844.474400000     
   185756.844700000     
   97196.4006100000     
   33964.6146700000     
   285261.000000000     
   302794.244500000     
   335610.978300000     
   372865.280400000     
   402096.102000000     
   410549.546500000     
   369173.461600000     
   337539.872400000     
   367658.346700000     
   423032.423300000     
   496769.182900000     
   489596.134600000     
   468893.410600000     
   441488.483500000     
   404991.889000000     
   355011.045900000     
   286094.385200000     
   198439.441700000     
   106772.631900000     
   38641.8317300000     
   284274.000000000     
   284891.396600000     
   302331.419900000     
   334931.149100000     
   371852.664100000     
   400581.251800000     
   408350.960000000     
   366403.726400000     
   334090.813700000     
   362729.600500000     
   415530.836800000     
   485025.172500000     
   474118.466100000     
   448594.699600000     
   414187.419300000     
   366434.904000000     
   299290.018100000     
   211527.935000000     
   116785.688600000     
   43751.8164600000     
   291366.000000000     
   283931.020400000     
   284480.435800000     
   301749.727400000     
   334067.286400000     
   370529.295500000     
   398563.665400000     
   405487.675600000     
   362934.080300000     
   329964.477600000     
   356824.837500000     
   406536.395500000     
   470854.003700000     
   455050.512300000     
   422807.944000000     
   377365.556300000     
   312230.922000000     
   224773.483700000     
   127351.795200000     
   49256.4850700000     
   293399.009100000     
   291029.917000000     
   283536.039600000     
   283950.630500000     
   300995.402500000     
   332917.990900000     
   368729.865600000     
   395876.773800000     
   401818.235100000     
   358668.608100000     
   324867.047800000     
   349489.860600000     
   395245.689700000     
   452756.918000000     
   429987.415300000     
   386713.795900000     
   323479.500500000     
   236593.844200000     
   137111.692300000     
   54655.6514700000     
   293399.009100000     
   293060.581100000     
   290625.060700000     
   283007.993000000     
   283240.800500000     
   299959.884600000     
   331301.215600000     
   366244.096600000     
   392294.306600000     
   397095.767200000     
   353127.744800000     
   318189.002900000     
   339783.504100000     
   380054.579400000     
   427820.146700000     
   393280.372200000     
   331492.854700000     
   245117.485600000     
   144322.105200000     
   58844.3127700000     
   293399.009100000     
   293060.581100000     
   292652.900000000     
   290083.811900000     
   282300.519500000     
   282266.363900000     
   298503.166400000     
   329067.769500000     
   362929.788900000     
   387683.771100000     
   390961.265100000     
   345868.766300000     
   309351.962800000     
   326724.060800000     
   359122.079500000     
   391298.118400000     
   337121.754300000     
   251189.626900000     
   149521.521500000     
   61938.8103000000     
   293399.009100000     
   293060.581100000     
   292652.900000000     
   292107.874600000     
   289358.649900000     
   281329.317700000     
   280895.572100000     
   296490.826200000     
   326089.887200000     
   358664.367100000     
   381694.669400000     
   382924.571600000     
   336262.978100000     
   297462.143600000     
   308728.878700000     
   328464.648200000     
   335422.557100000     
   255454.941100000     
   153225.524100000     
   64170.2470900000     
   293399.009100000     
   293060.581100000     
   292652.900000000     
   292107.874600000     
   291377.652800000     
   288363.166100000     
   279963.076600000     
   279001.932400000     
   293807.747300000     
   322257.435400000     
   353123.569400000     
   373848.462300000     
   372289.635200000     
   323338.844800000     
   281078.638100000     
   282373.399700000     
   281561.415800000     
   254167.369800000     
   155827.363200000     
   65759.8962600000     
   293399.009100000     
   293060.581100000     
   292652.900000000     
   292107.874600000     
   291377.652800000     
   290375.222900000     
   286962.765900000     
   278075.723300000     
   276477.118300000     
   290354.699300000     
   317279.067200000     
   345864.676600000     
   363465.596000000     
   357980.831800000     
   305530.112300000     
   257083.597000000     
   242051.784400000     
   213353.941100000     
   155041.945400000     
   66876.5292300000     
   293399.009100000     
   293060.581100000     
   292652.900000000     
   292107.874600000     
   291377.652800000     
   290375.222900000     
   288965.051400000     
   285028.224600000     
   275559.290900000     
   273227.752800000     
   285869.178000000     
   310757.002700000     
   336259.002000000     
   349495.941000000     
   338264.101300000     
   279447.704700000     
   220373.248600000     
   183415.408700000     
   130145.778100000     
   66539.4509900000     
   293399.009100000     
   293060.581100000     
   292652.900000000     
   292107.874600000     
   291377.652800000     
   290375.222900000     
   288965.051400000     
   287017.011800000     
   282448.875900000     
   272320.712400000     
   269006.815800000     
   279992.782700000     
   302126.370900000     
   323335.021600000     
   330246.538000000     
   309387.267900000     
   239543.865100000     
   166988.438200000     
   111883.291000000     
   55854.7468900000     
   293399.009100000     
   293060.581100000     
   292652.900000000     
   292107.874600000     
   291377.652800000     
   290375.222900000     
   288965.051400000     
   287017.011800000     
   284419.665700000     
   279129.325800000     
   268113.787700000     
   263477.047200000     
   272216.563400000     
   290514.264500000     
   305526.499700000     
   302054.145700000     
   265208.197100000     
   181515.025900000     
   101862.848700000     
   48017.0236200000     
   293399.009100000     
   293060.581100000     
   292652.900000000     
   292107.874600000     
   291377.652800000     
   290375.222900000     
   288965.051400000     
   287017.011800000     
   284419.665700000     
   281076.953500000     
   274817.218800000     
   262602.376400000     
   256159.518300000     
   261754.028500000     
   274513.431600000     
   279444.400500000     
   258922.210900000     
   200962.244400000     
   110724.058600000     
   43716.5439900000     
   293399.009100000     
   293060.581100000     
   292652.900000000     
   292107.874600000     
   291377.652800000     
   290375.222900000     
   288965.051400000     
   287017.011800000     
   284419.665700000     
   281076.953500000     
   276734.758700000     
   269168.010200000     
   255309.139600000     
   246314.129500000     
   247337.240800000     
   251078.847200000     
   239541.032700000     
   196199.021000000     
   122586.850400000     
   47519.5151200000     
   293399.009100000     
   293060.581100000     
   292652.900000000     
   292107.874600000     
   291377.652800000     
   290375.222900000     
   288965.051400000     
   287017.011800000     
   284419.665700000     
   281076.953500000     
   276734.758700000     
   271046.132600000     
   261692.426600000     
   245496.434800000     
   232747.734600000     
   226222.625700000     
   215225.949300000     
   181512.879700000     
   119681.286900000     
   52610.6770800000     
   293399.009100000     
   293060.581100000     
   292652.900000000     
   292107.874600000     
   291377.652800000     
   290375.222900000     
   288965.051400000     
   287017.011800000     
   284419.665700000     
   281076.953500000     
   276734.758700000     
   271046.132600000     
   263518.388000000     
   251634.382600000     
   231975.076600000     
   212878.592400000     
   193919.081200000     
   163088.058000000     
   110722.749400000     
   51363.6945300000     
   293399.009100000     
   293060.581100000     
   292652.900000000     
   292107.874600000     
   291377.652800000     
   290375.222900000     
   288965.051400000     
   287017.011800000     
   284419.665700000     
   281076.953500000     
   276734.758700000     
   271046.132600000     
   263518.388000000     
   253390.164000000     
   237774.960900000     
   212171.894400000     
   182480.514100000     
   146942.719800000     
   99483.6190300000     
   47518.9532400000     
   293399.009100000     
   293060.581100000     
   292652.900000000     
   292107.874600000     
   291377.652800000     
   290375.222900000     
   288965.051400000     
   287017.011800000     
   284419.665700000     
   281076.953500000     
   276734.758700000     
   271046.132600000     
   263518.388000000     
   253390.164000000     
   239434.038100000     
   217476.655800000     
   181874.729300000     
   138275.113900000     
   89634.9722900000     
   42695.4484700000     
   293399.009100000     
   293060.581100000     
   292652.900000000     
   292107.874600000     
   291377.652800000     
   290375.222900000     
   288965.051400000     
   287017.011800000     
   284419.665700000     
   281076.953500000     
   276734.758700000     
   271046.132600000     
   263518.388000000     
   253390.164000000     
   239434.038100000     
   218994.101300000     
   186421.995400000     
   137816.078800000     
   84347.7378300000     
   38468.6984400000     
   293399.009100000     
   293060.581100000     
   292652.900000000     
   292107.874600000     
   291377.652800000     
   290375.222900000     
   288965.051400000     
   287017.011800000     
   284419.665700000     
   281076.953500000     
   276734.758700000     
   271046.132600000     
   263518.388000000     
   253390.164000000     
   239434.038100000     
   218994.101300000     
   187722.756700000     
   141261.782300000     
   84067.7267000000     
   36199.5726500000     
   293399.009100000     
   293060.581100000     
   292652.900000000     
   292107.874600000     
   291377.652800000     
   290375.222900000     
   288965.051400000     
   287017.011800000     
   284419.665700000     
   281076.953500000     
   276734.758700000     
   271046.132600000     
   263518.388000000     
   253390.164000000     
   239434.038100000     
   218994.101300000     
   187722.756700000     
   142247.437700000     
   86169.6037500000     
   36079.4000900000     
   293399.009100000     
   293060.581100000     
   292652.900000000     
   292107.874600000     
   291377.652800000     
   290375.222900000     
   288965.051400000     
   287017.011800000     
   284419.665700000     
   281076.953500000     
   276734.758700000     
   271046.132600000     
   263518.388000000     
   253390.164000000     
   239434.038100000     
   218994.101300000     
   187722.756700000     
   142247.437700000     
   86770.8530100000     
   36981.4640100000     
   293399.009100000     
   293060.581100000     
   292652.900000000     
   292107.874600000     
   291377.652800000     
   290375.222900000     
   288965.051400000     
   287017.011800000     
   284419.665700000     
   281076.953500000     
   276734.758700000     
   271046.132600000     
   263518.388000000     
   253390.164000000     
   239434.038100000     
   218994.101300000     
   187722.756700000     
   142247.437700000     
   86770.8530100000     
   37239.5025400000     
   293399.009100000     
   293060.581100000     
   292652.900000000     
   292107.874600000     
   291377.652800000     
   290375.222900000     
   288965.051400000     
   287017.011800000     
   284419.665700000     
   281076.953500000     
   276734.758700000     
   271046.132600000     
   263518.388000000     
   253390.164000000     
   239434.038100000     
   218994.101300000     
   187722.756700000     
   142247.437700000     
   86770.8530100000     
   37239.5025400000     
   293399.009100000     
   293060.581100000     
   292652.900000000     
   292107.874600000     
   291377.652800000     
   290375.222900000     
   288965.051400000     
   287017.011800000     
   284419.665700000     
   281076.953500000     
   276734.758700000     
   271046.132600000     
   263518.388000000     
   253390.164000000     
   239434.038100000     
   218994.101300000     
   187722.756700000     
   142247.437700000     
   86770.8530100000     
   37239.5025400000     
   293399.009100000     
   293060.581100000     
   292652.900000000     
   292107.874600000     
   291377.652800000     
   290375.222900000     
   288965.051400000     
   287017.011800000     
   284419.665700000     
   281076.953500000     
   276734.758700000     
   271046.132600000     
   263518.388000000     
   253390.164000000     
   239434.038100000     
   218994.101300000     
   187722.756700000     
   142247.437700000     
   86770.8530100000     
   37239.5025400000     
   293399.009100000     
   293060.581100000     
   292652.900000000     
   292107.874600000     
   291377.652800000     
   290375.222900000     
   288965.051400000     
   287017.011800000     
   284419.665700000     
   281076.953500000     
   276734.758700000     
   271046.132600000     
   263518.388000000     
   253390.164000000     
   239434.038100000     
   218994.101300000     
   187722.756700000     
   142247.437700000     
   86770.8530100000     
   37239.5025400000     
   293399.009100000     
   293060.581100000     
   292652.900000000     
   292107.874600000     
   291377.652800000     
   290375.222900000     
   288965.051400000     
   287017.011800000     
   284419.665700000     
   281076.953500000     
   276734.758700000     
   271046.132600000     
   263518.388000000     
   253390.164000000     
   239434.038100000     
   218994.101300000     
   187722.756700000     
   142247.437700000     
   86770.8530100000     
   37239.5025400000     
   293399.009100000     
   293060.581100000     
   292652.900000000     
   292107.874600000     
   291377.652800000     
   290375.222900000     
   288965.051400000     
   287017.011800000     
   284419.665700000     
   281076.953500000     
   276734.758700000     
   271046.132600000     
   263518.388000000     
   253390.164000000     
   239434.038100000     
   218994.101300000     
   187722.756700000     
   142247.437700000     
   86770.8530100000     
   37239.5025400000     
   293399.009100000     
   293060.581100000     
   292652.900000000     
   292107.874600000     
   291377.652800000     
   290375.222900000     
   288965.051400000     
   287017.011800000     
   284419.665700000     
   281076.953500000     
   276734.758700000     
   271046.132600000     
   263518.388000000     
   253390.164000000     
   239434.038100000     
   218994.101300000     
   187722.756700000     
   142247.437700000     
   86770.8530100000     
   37239.5025400000     
   293399.009100000     
   293060.581100000     
   292652.900000000     
   292107.874600000     
   291377.652800000     
   290375.222900000     
   288965.051400000     
   287017.011800000     
   284419.665700000     
   281076.953500000     
   276734.758700000     
   271046.132600000     
   263518.388000000     
   253390.164000000     
   239434.038100000     
   218994.101300000     
   187722.756700000     
   142247.437700000     
   86770.8530100000     
   37239.5025400000     
   293399.009100000     
   293060.581100000     
   292652.900000000     
   292107.874600000     
   291377.652800000     
   290375.222900000     
   288965.051400000     
   287017.011800000     
   284419.665700000     
   281076.953500000     
   276734.758700000     
   271046.132600000     
   263518.388000000     
   253390.164000000     
   239434.038100000     
   218994.101300000     
   187722.756700000     
   142247.437700000     
   86770.8530100000     
   37239.5025400000     
   293399.009100000     
   293060.581100000     
   292652.900000000     
   292107.874600000     
   291377.652800000     
   290375.222900000     
   288965.051400000     
   287017.011800000     
   284419.665700000     
   281076.953500000     
   276734.758700000     
   271046.132600000     
   263518.388000000     
   253390.164000000     
   239434.038100000     
   218994.101300000     
   187722.756700000     
   142247.437700000     
   86770.8530100000     
   37239.5025400000     
   293399.009100000     
   293060.581100000     
   292652.900000000     
   292107.874600000     
   291377.652800000     
   290375.222900000     
   288965.051400000     
   287017.011800000     
   284419.665700000     
   281076.953500000     
   276734.758700000     
   271046.132600000     
   263518.388000000     
   253390.164000000     
   239434.038100000     
   218994.101300000     
   187722.756700000     
   142247.437700000     
   86770.8530100000     
   37239.5025400000     
   293399.009100000     
   293060.581100000     
   292652.900000000     
   292107.874600000     
   291377.652800000     
   290375.222900000     
   288965.051400000     
   287017.011800000     
   284419.665700000     
   281076.953500000     
   276734.758700000     
   271046.132600000     
   263518.388000000     
   253390.164000000     
   239434.038100000     
   218994.101300000     
   187722.756700000     
   142247.437700000     
   86770.8530100000     
   37239.5025400000     
   293399.009100000     
   293060.581100000     
   292652.900000000     
   292107.874600000     
   291377.652800000     
   290375.222900000     
   288965.051400000     
   287017.011800000     
   284419.665700000     
   281076.953500000     
   276734.758700000     
   271046.132600000     
   263518.388000000     
   253390.164000000     
   239434.038100000     
   218994.101300000     
   187722.756700000     
   142247.437700000     
   86770.8530100000     
   37239.5025400000     
   293399.009100000     
   293060.581100000     
   292652.900000000     
   292107.874600000     
   291377.652800000     
   290375.222900000     
   288965.051400000     
   287017.011800000     
   284419.665700000     
   281076.953500000     
   276734.758700000     
   271046.132600000     
   263518.388000000     
   253390.164000000     
   239434.038100000     
   218994.101300000     
   187722.756700000     
   142247.437700000     
   86770.8530100000     
   37239.5025400000     
   293399.009100000     
   293060.581100000     
   292652.900000000     
   292107.874600000     
   291377.652800000     
   290375.222900000     
   288965.051400000     
   287017.011800000     
   284419.665700000     
   281076.953500000     
   276734.758700000     
   271046.132600000     
   263518.388000000     
   253390.164000000     
   239434.038100000     
   218994.101300000     
   187722.756700000     
   142247.437700000     
   86770.8530100000     
   37239.5025400000     
   293399.009100000     
   293060.581100000     
   292652.900000000     
   292107.874600000     
   291377.652800000     
   290375.222900000     
   288965.051400000     
   287017.011800000     
   284419.665700000     
   281076.953500000     
   276734.758700000     
   271046.132600000     
   263518.388000000     
   253390.164000000     
   239434.038100000     
   218994.101300000     
   187722.756700000     
   142247.437700000     
   86770.8530100000     
   37239.5025400000     
   293399.009100000     
   293060.581100000     
   292652.900000000     
   292107.874600000     
   291377.652800000     
   290375.222900000     
   288965.051400000     
   287017.011800000     
   284419.665700000     
   281076.953500000     
   276734.758700000     
   271046.132600000     
   263518.388000000     
   253390.164000000     
   239434.038100000     
   218994.101300000     
   187722.756700000     
   142247.437700000     
   86770.8530100000     
   37239.5025400000     
   293399.009100000     
   293060.581100000     
   292652.900000000     
   292107.874600000     
   291377.652800000     
   290375.222900000     
   288965.051400000     
   287017.011800000     
   284419.665700000     
   281076.953500000     
   276734.758700000     
   271046.132600000     
   263518.388000000     
   253390.164000000     
   239434.038100000     
   218994.101300000     
   187722.756700000     
   142247.437700000     
   86770.8530100000     
   37239.5025400000     
   293399.009100000     
   293060.581100000     
   292652.900000000     
   292107.874600000     
   291377.652800000     
   290375.222900000     
   288965.051400000     
   287017.011800000     
   284419.665700000     
   281076.953500000     
   276734.758700000     
   271046.132600000     
   263518.388000000     
   253390.164000000     
   239434.038100000     
   218994.101300000     
   187722.756700000     
   142247.437700000     
   86770.8530100000     
   37239.5025400000     
   293399.009100000     
   293060.581100000     
   292652.900000000     
   292107.874600000     
   291377.652800000     
   290375.222900000     
   288965.051400000     
   287017.011800000     
   284419.665700000     
   281076.953500000     
   276734.758700000     
   271046.132600000     
   263518.388000000     
   253390.164000000     
   239434.038100000     
   218994.101300000     
   187722.756700000     
   142247.437700000     
   86770.8530100000     
   37239.5025400000     
   293399.009100000     
   293060.581100000     
   292652.900000000     
   292107.874600000     
   291377.652800000     
   290375.222900000     
   288965.051400000     
   287017.011800000     
   284419.665700000     
   281076.953500000     
   276734.758700000     
   271046.132600000     
   263518.388000000     
   253390.164000000     
   239434.038100000     
   218994.101300000     
   187722.756700000     
   142247.437700000     
   86770.8530100000     
   37239.5025400000     
   293399.009100000     
   293060.581100000     
   292652.900000000     
   292107.874600000     
   291377.652800000     
   290375.222900000     
   288965.051400000     
   287017.011800000     
   284419.665700000     
   281076.953500000     
   276734.758700000     
   271046.132600000     
   263518.388000000     
   253390.164000000     
   239434.038100000     
   218994.101300000     
   187722.756700000     
   142247.437700000     
   86770.8530100000     
   37239.5025400000     
   293399.009100000     
   293060.581100000     
   292652.900000000     
   292107.874600000     
   291377.652800000     
   290375.222900000     
   288965.051400000     
   287017.011800000     
   284419.665700000     
   281076.953500000     
   276734.758700000     
   271046.132600000     
   263518.388000000     
   253390.164000000     
   239434.038100000     
   218994.101300000     
   187722.756700000     
   142247.437700000     
   86770.8530100000     
   37239.5025400000     
   293399.009100000     
   293060.581100000     
   292652.900000000     
   292107.874600000     
   291377.652800000     
   290375.222900000     
   288965.051400000     
   287017.011800000     
   284419.665700000     
   281076.953500000     
   276734.758700000     
   271046.132600000     
   263518.388000000     
   253390.164000000     
   239434.038100000     
   218994.101300000     
   187722.756700000     
   142247.437700000     
   86770.8530100000     
   37239.5025400000     
   293399.009100000     
   293060.581100000     
   292652.900000000     
   292107.874600000     
   291377.652800000     
   290375.222900000     
   288965.051400000     
   287017.011800000     
   284419.665700000     
   281076.953500000     
   276734.758700000     
   271046.132600000     
   263518.388000000     
   253390.164000000     
   239434.038100000     
   218994.101300000     
   187722.756700000     
   142247.437700000     
   86770.8530100000     
   37239.5025400000     
   293399.009100000     
   293060.581100000     
   292652.900000000     
   292107.874600000     
   291377.652800000     
   290375.222900000     
   288965.051400000     
   287017.011800000     
   284419.665700000     
   281076.953500000     
   276734.758700000     
   271046.132600000     
   263518.388000000     
   253390.164000000     
   239434.038100000     
   218994.101300000     
   187722.756700000     
   142247.437700000     
   86770.8530100000     
   37239.5025400000     
   293399.009100000     
   293060.581100000     
   292652.900000000     
   292107.874600000     
   291377.652800000     
   290375.222900000     
   288965.051400000     
   287017.011800000     
   284419.665700000     
   281076.953500000     
   276734.758700000     
   271046.132600000     
   263518.388000000     
   253390.164000000     
   239434.038100000     
   218994.101300000     
   187722.756700000     
   142247.437700000     
   86770.8530100000     
   37239.5025400000     
   293399.009100000     
   293060.581100000     
   292652.900000000     
   292107.874600000     
   291377.652800000     
   290375.222900000     
   288965.051400000     
   287017.011800000     
   284419.665700000     
   281076.953500000     
   276734.758700000     
   271046.132600000     
   263518.388000000     
   253390.164000000     
   239434.038100000     
   218994.101300000     
   187722.756700000     
   142247.437700000     
   86770.8530100000     
   37239.5025400000     
   293399.009100000     
   293060.581100000     
   292652.900000000     
   292107.874600000     
   291377.652800000     
   290375.222900000     
   288965.051400000     
   287017.011800000     
   284419.665700000     
   281076.953500000     
   276734.758700000     
   271046.132600000     
   263518.388000000     
   253390.164000000     
   239434.038100000     
   218994.101300000     
   187722.756700000     
   142247.437700000     
   86770.8530100000     
   37239.5025400000     
   293399.009100000     
   293060.581100000     
   292652.900000000     
   292107.874600000     
   291377.652800000     
   290375.222900000     
   288965.051400000     
   287017.011800000     
   284419.665700000     
   281076.953500000     
   276734.758700000     
   271046.132600000     
   263518.388000000     
   253390.164000000     
   239434.038100000     
   218994.101300000     
   187722.756700000     
   142247.437700000     
   86770.8530100000     
   37239.5025400000     
   293399.009100000     
   293060.581100000     
   292652.900000000     
   292107.874600000     
   291377.652800000     
   290375.222900000     
   288965.051400000     
   287017.011800000     
   284419.665700000     
   281076.953500000     
   276734.758700000     
   271046.132600000     
   263518.388000000     
   253390.164000000     
   239434.038100000     
   218994.101300000     
   187722.756700000     
   142247.437700000     
   86770.8530100000     
   37239.5025400000     
   293399.009100000     
   293060.581100000     
   292652.900000000     
   292107.874600000     
   291377.652800000     
   290375.222900000     
   288965.051400000     
   287017.011800000     
   284419.665700000     
   281076.953500000     
   276734.758700000     
   271046.132600000     
   263518.388000000     
   253390.164000000     
   239434.038100000     
   218994.101300000     
   187722.756700000     
   142247.437700000     
   86770.8530100000     
   37239.5025400000     
   293399.009100000     
   293060.581100000     
   292652.900000000     
   292107.874600000     
   291377.652800000     
   290375.222900000     
   288965.051400000     
   287017.011800000     
   284419.665700000     
   281076.953500000     
   276734.758700000     
   271046.132600000     
   263518.388000000     
   253390.164000000     
   239434.038100000     
   218994.101300000     
   187722.756700000     
   142247.437700000     
   86770.8530100000     
   37239.5025400000     
   293399.009100000     
   293060.581100000     
   292652.900000000     
   292107.874600000     
   291377.652800000     
   290375.222900000     
   288965.051400000     
   287017.011800000     
   284419.665700000     
   281076.953500000     
   276734.758700000     
   271046.132600000     
   263518.388000000     
   253390.164000000     
   239434.038100000     
   218994.101300000     
   187722.756700000     
   142247.437700000     
   86770.8530100000     
   37239.5025400000     
   293399.009100000     
   293060.581100000     
   292652.900000000     
   292107.874600000     
   291377.652800000     
   290375.222900000     
   288965.051400000     
   287017.011800000     
   284419.665700000     
   281076.953500000     
   276734.758700000     
   271046.132600000     
   263518.388000000     
   253390.164000000     
   239434.038100000     
   218994.101300000     
   187722.756700000     
   142247.437700000     
   86770.8530100000     
   37239.5025400000     
   293399.009100000     
   293060.581100000     
   292652.900000000     
   292107.874600000     
   291377.652800000     
   290375.222900000     
   288965.051400000     
   287017.011800000     
   284419.665700000     
   281076.953500000     
   276734.758700000     
   271046.132600000     
   263518.388000000     
   253390.164000000     
   239434.038100000     
   218994.101300000     
   187722.756700000     
   142247.437700000     
   86770.8530100000     
   37239.5025400000     
   293399.009100000     
   293060.581100000     
   292652.900000000     
   292107.874600000     
   291377.652800000     
   290375.222900000     
   288965.051400000     
   287017.011800000     
   284419.665700000     
   281076.953500000     
   276734.758700000     
   271046.132600000     
   263518.388000000     
   253390.164000000     
   239434.038100000     
   218994.101300000     
   187722.756700000     
   142247.437700000     
   86770.8530100000     
   37239.5025400000     
   293399.009100000     
   293060.581100000     
   292652.900000000     
   292107.874600000     
   291377.652800000     
   290375.222900000     
   288965.051400000     
   287017.011800000     
   284419.665700000     
   281076.953500000     
   276734.758700000     
   271046.132600000     
   263518.388000000     
   253390.164000000     
   239434.038100000     
   218994.101300000     
   187722.756700000     
   142247.437700000     
   86770.8530100000     
   37239.5025400000     
   293399.009100000     
   293060.581100000     
   292652.900000000     
   292107.874600000     
   291377.652800000     
   290375.222900000     
   288965.051400000     
   287017.011800000     
   284419.665700000     
   281076.953500000     
   276734.758700000     
   271046.132600000     
   263518.388000000     
   253390.164000000     
   239434.038100000     
   218994.101300000     
   187722.756700000     
   142247.437700000     
   86770.8530100000     
   37239.5025400000     
   293399.009100000     
   293060.581100000     
   292652.900000000     
   292107.874600000     
   291377.652800000     
   290375.222900000     
   288965.051400000     
   287017.011800000     
   284419.665700000     
   281076.953500000     
   276734.758700000     
   271046.132600000     
   263518.388000000     
   253390.164000000     
   239434.038100000     
   218994.101300000     
   187722.756700000     
   142247.437700000     
   86770.8530100000     
   37239.5025400000     
   293399.009100000     
   293060.581100000     
   292652.900000000     
   292107.874600000     
   291377.652800000     
   290375.222900000     
   288965.051400000     
   287017.011800000     
   284419.665700000     
   281076.953500000     
   276734.758700000     
   271046.132600000     
   263518.388000000     
   253390.164000000     
   239434.038100000     
   218994.101300000     
   187722.756700000     
   142247.437700000     
   86770.8530100000     
   37239.5025400000     
   293399.009100000     
   293060.581100000     
   292652.900000000     
   292107.874600000     
   291377.652800000     
   290375.222900000     
   288965.051400000     
   287017.011800000     
   284419.665700000     
   281076.953500000     
   276734.758700000     
   271046.132600000     
   263518.388000000     
   253390.164000000     
   239434.038100000     
   218994.101300000     
   187722.756700000     
   142247.437700000     
   86770.8530100000     
   37239.5025400000     
   293399.009100000     
   293060.581100000     
   292652.900000000     
   292107.874600000     
   291377.652800000     
   290375.222900000     
   288965.051400000     
   287017.011800000     
   284419.665700000     
   281076.953500000     
   276734.758700000     
   271046.132600000     
   263518.388000000     
   253390.164000000     
   239434.038100000     
   218994.101300000     
   187722.756700000     
   142247.437700000     
   86770.8530100000     
   37239.5025400000     
   293399.009100000     
   293060.581100000     
   292652.900000000     
   292107.874600000     
   291377.652800000     
   290375.222900000     
   288965.051400000     
   287017.011800000     
   284419.665700000     
   281076.953500000     
   276734.758700000     
   271046.132600000     
   263518.388000000     
   253390.164000000     
   239434.038100000     
   218994.101300000     
   187722.756700000     
   142247.437700000     
   86770.8530100000     
   37239.5025400000     
   293399.009100000     
   293060.581100000     
   292652.900000000     
   292107.874600000     
   291377.652800000     
   290375.222900000     
   288965.051400000     
   287017.011800000     
   284419.665700000     
   281076.953500000     
   276734.758700000     
   271046.132600000     
   263518.388000000     
   253390.164000000     
   239434.038100000     
   218994.101300000     
   187722.756700000     
   142247.437700000     
   86770.8530100000     
   37239.5025400000     
   293399.009100000     
   293060.581100000     
   292652.900000000     
   292107.874600000     
   291377.652800000     
   290375.222900000     
   288965.051400000     
   287017.011800000     
   284419.665700000     
   281076.953500000     
   276734.758700000     
   271046.132600000     
   263518.388000000     
   253390.164000000     
   239434.038100000     
   218994.101300000     
   187722.756700000     
   142247.437700000     
   86770.8530100000     
   37239.5025400000     
   293399.009100000     
   293060.581100000     
   292652.900000000     
   292107.874600000     
   291377.652800000     
   290375.222900000     
   288965.051400000     
   287017.011800000     
   284419.665700000     
   281076.953500000     
   276734.758700000     
   271046.132600000     
   263518.388000000     
   253390.164000000     
   239434.038100000     
   218994.101300000     
   187722.756700000     
   142247.437700000     
   86770.8530100000     
   37239.5025400000     
   293399.009100000     
   293060.581100000     
   292652.900000000     
   292107.874600000     
   291377.652800000     
   290375.222900000     
   288965.051400000     
   287017.011800000     
   284419.665700000     
   281076.953500000     
   276734.758700000     
   271046.132600000     
   263518.388000000     
   253390.164000000     
   239434.038100000     
   218994.101300000     
   187722.756700000     
   142247.437700000     
   86770.8530100000     
   37239.5025400000     
   293399.009100000     
   293060.581100000     
   292652.900000000     
   292107.874600000     
   291377.652800000     
   290375.222900000     
   288965.051400000     
   287017.011800000     
   284419.665700000     
   281076.953500000     
   276734.758700000     
   271046.132600000     
   263518.388000000     
   253390.164000000     
   239434.038100000     
   218994.101300000     
   187722.756700000     
   142247.437700000     
   86770.8530100000     
   37239.5025400000     
   293399.009100000     
   293060.581100000     
   292652.900000000     
   292107.874600000     
   291377.652800000     
   290375.222900000     
   288965.051400000     
   287017.011800000     
   284419.665700000     
   281076.953500000     
   276734.758700000     
   271046.132600000     
   263518.388000000     
   253390.164000000     
   239434.038100000     
   218994.101300000     
   187722.756700000     
   142247.437700000     
   86770.8530100000     
   37239.5025400000     
   293399.009100000     
   293060.581100000     
   292652.900000000     
   292107.874600000     
   291377.652800000     
   290375.222900000     
   288965.051400000     
   287017.011800000     
   284419.665700000     
   281076.953500000     
   276734.758700000     
   271046.132600000     
   263518.388000000     
   253390.164000000     
   239434.038100000     
   218994.101300000     
   187722.756700000     
   142247.437700000     
   86770.8530100000     
   37239.5025400000     
   293399.009100000     
   293060.581100000     
   292652.900000000     
   292107.874600000     
   291377.652800000     
   290375.222900000     
   288965.051400000     
   287017.011800000     
   284419.665700000     
   281076.953500000     
   276734.758700000     
   271046.132600000     
   263518.388000000     
   253390.164000000     
   239434.038100000     
   218994.101300000     
   187722.756700000     
   142247.437700000     
   86770.8530100000     
   37239.5025400000     
   293399.009100000     
   293060.581100000     
   292652.900000000     
   292107.874600000     
   291377.652800000     
   290375.222900000     
   288965.051400000     
   287017.011800000     
   284419.665700000     
   281076.953500000     
   276734.758700000     
   271046.132600000     
   263518.388000000     
   253390.164000000     
   239434.038100000     
   218994.101300000     
   187722.756700000     
   142247.437700000     
   86770.8530100000     
   37239.5025400000     
   293399.009100000     
   293060.581100000     
   292652.900000000     
   292107.874600000     
   291377.652800000     
   290375.222900000     
   288965.051400000     
   287017.011800000     
   284419.665700000     
   281076.953500000     
   276734.758700000     
   271046.132600000     
   263518.388000000     
   253390.164000000     
   239434.038100000     
   218994.101300000     
   187722.756700000     
   142247.437700000     
   86770.8530100000     
   37239.5025400000     
   293399.009100000     
   293060.581100000     
   292652.900000000     
   292107.874600000     
   291377.652800000     
   290375.222900000     
   288965.051400000     
   287017.011800000     
   284419.665700000     
   281076.953500000     
   276734.758700000     
   271046.132600000     
   263518.388000000     
   253390.164000000     
   239434.038100000     
   218994.101300000     
   187722.756700000     
   142247.437700000     
   86770.8530100000     
   37239.5025400000     
