.024481692290119
.0884822482180396
.1138007700333733
.1264553870375707
.1230277151926727
.1156939051313882
.1127206050466006
.1272558637478022
.1562356337366439
.1667901329481866
.1211750335653744
.1063734108250186
.1061040341920634
.1077575167207862
.104550769108686
.1027541102144865
.0937770383012928
.0982655742578896
.0982655742578896
.0982655742578896
.0982655742578896
.0982655742578896
.0982655742578896
.0982655742578896
.0982655742578896
.0982655742578896
.0982655742578896
.0982655742578896
.0982655742578896
.0982655742578896
.0982655742578896
.0982655742578896
.0982655742578896
.0982655742578896
