0.74924411
0.788032273
0.822656917
0.852648378
0.88119139
0.904475886
0.911868549
0.9245575
0.934706003
0.937655907
0.945452307
0.956002038
0.958953748
0.961507191
0.96543912
0.967709989
0.968867094
0.973602631
0.981409933
0.979188575
0.981284909
0.983204607
0.984682293
0.987967739
0.996683677
1.000173581
1.008130843
1.015996156
1.02403076
1.032410093
1.043294365
1.042951804
1.058500586
1.06827347
1.080179861
1.089408802
1.112562558
1.111068056
1.120433166
1.136130017
1.143814084
1.154956136
1.151673803
1.13453306
1.120687981
1.127696397
1.131970552
1.114295053
1.095114764
1.058512442
1.006114382
1.002714443
0.946153336
0.946153336
0.946153336
0.946153336
0.946153336
0.946153336
0.946153336
0.946153336
0.946153336
0.946153336
0.946153336
0.946153336
0.946153336
0.946153336
0.946153336
0.946153336
0.946153336
0.946153336
0.946153336
0.946153336
0.946153336
0.946153336
0.946153336
0.946153336
0.946153336
0.946153336
0.946153336
0.946153336
