0.66473835
0.66473835
0.66473835
0.66473835
0.66473835
0.689811149
0.76240568
0.786389134
0.862348645
0.960383343
1.047518209
1.370367496
1.919218937
2.377661098
3.141223259
3.729259241
4.065463615
4.242979464
4.898139014
5.332912789
5.880806269
6.456090278
7.101325816
7.680592185
8.083586161
8.663011978
9.010195503
9.131032468
9.59687937
10.01202197
11.04927001
0.00
0.00
0.00
0.00
0.00
0.00
0.00
0.00
0.00
0.00
0.00
0.00
0.00
0.00
0.00
0.00
0.00
0.00
0.00
0.00
0.00
0.00
0.00
0.00
0.00
0.00
0.00
0.00
0.00
0.00
0.00
0.00
0.00
0.00
0.00
0.00
0.00
0.00
0.00
0.00
0.00
0.00
0.00
0.00
0.00
0.00
0.00
0.00
0.00
