.0794851045073348
.0794851045073348
.0794851045073348
.0794851045073348
.0837453193597838
.0889781860050292
.0944639421164018
.102297355330297
.1023229289062968
.1092628842887035
.1048835537796007
.1028922813049909
.1156799650985913
.1085432256807214
.102261534476158
.1009391371610926
.1114634926906229
.1114634926906229
.1114634926906229
.1114634926906229
.1114634926906229
.1114634926906229
.1114634926906229
.1114634926906229
.1114634926906229
.1114634926906229
.1114634926906229
.1114634926906229
.1114634926906229
.1114634926906229
.1114634926906229
.1114634926906229
.1114634926906229
.1114634926906229
