0.00615428448881552
0.00615428448881552
0.00615428448881552
0.00615428448881552
0.00615428448881552
0.0107370155447248
0.00935855756948003
0.0110897450464766
0.0114962693736674
0.0152118436789141
0.0162210619675198
0.0210676065142120
0.0209214784099487
0.0195870471774681
0.0204948786870586
0.00518578998890579
0.00518578998890579
0.00518578998890579
0.00518578998890579
0.00518578998890579
0.0143936354275947
0.00819661935864200
0.00864942908685741
0.0107094781048235
0.0108718139558748
0.0162128936787279
0.0145448015004257
0.0201893881665084
0.0139993242064033
0.0263455003279150