0.00622338919334353
0.00622338919334353
0.00622338919334353
0.00622338919334353
0.00622338919334353
0.00865655009131735
0.00928804520128696
0.00957680331918400
0.0105123764757529
0.0150995865318102
0.0158020994114845
0.0191452256823540
0.0167801624804057
0.0192956042995469
0.0188262621180313
0.00717500428398831
0.00717500428398831
0.00717500428398831
0.00717500428398831
0.00562038120831353
0.0157929797929863
0.00870149245173893
0.00905092372206076
0.0120917233377202
0.0116263694913455
0.0175931681506768
0.0122088330871908
0.0210995200086577
0.0132503298022969
0.0276333482179630