0.0369320969660829
0.0369320969660829
0.0369320969660829
0.0369320969660829
0.0363248430892918
0.0567769688391635
0.0383102726817705
0.0492225437607899
0.0555079218128177
0.0686751846052607
0.0689542133275500
0.0861791092112920
0.0893997256880983
0.0950752905124117
0.0917601048314629
0.0180661847470209
0.0180661847470209
0.0180661847470209
0.0180661847470209
0.0205649516566230
0.0614656432502774
0.0361710582531315
0.0458199159769472
0.0521460207826303
0.0596431274143588
0.0771138074272980
0.0601928076503371
0.106644358277852
0.0701182201646667
0.128346944463830