        0.9999989900
        0.9999989900
        0.9999989900
        0.9966582100
        0.9884584000
        0.9762300300
        0.9559950800
        0.9295951100
        0.8950970800
        0.8420223600
        0.7571762200
        0.6464691800
        0.5118240700
        0.3650930800
        0.2553423300
        0.1551444500
        0.9999989900
        0.9999989900
        0.9973295900
        0.9907475100
        0.9830563700
        0.9700852600
        0.9499724500
        0.9259937400
        0.8874364500
        0.8270369800
        0.7462092000
        0.6270684600
        0.5030444900
        0.3519083600
        0.2561562400
        0.1533030900
        0.9999989900
        0.9999989900
        0.9999989900
        0.9999989900
        0.9961291600
        0.9848367000
        0.9662295600
        0.9432376600
        0.9091058400
        0.8634781200
        0.7918675500
        0.6901944900
        0.5653769400
        0.4155429900
        0.2753127200
        0.1689090900
        0.9999989900
        0.9999989900
        0.9999989900
        0.9999989900
        0.9928635400
        0.9807876900
        0.9616413100
        0.9357907200
        0.9026253800
        0.8569671500
        0.7781232000
        0.6680774700
        0.5481635300
        0.3914727000
        0.2753737900
        0.1650940500
        0.9999989900
        0.9999989900
        0.9999989900
        0.9999989900
        0.9999989900
        0.9879505000
        0.9711738200
        0.9505726700
        0.9139789300
        0.8709250700
        0.8075752300
        0.7099105700
        0.5767101000
        0.4185645000
        0.2752924000
        0.1578811300
        0.9999989900
        0.9999989900
        0.9999989900
        0.9999989900
        0.9983874600
        0.9876547500
        0.9703396000
        0.9478868800
        0.9144061800
        0.8669472300
        0.8020511300
        0.7024229200
        0.5721422400
        0.4160923700
        0.2776119100
        0.1629474800
        0.9999989900
        0.9999989900
        0.9999989900
        0.9999989900
        0.9999989900
        0.9999989900
        0.9965968100
        0.9526317100
        0.9230536200
        0.8821056500
        0.8187049600
        0.7334314000
        0.6137108200
        0.4613741900
        0.3087731000
        0.1843828400
        0.9999989900
        0.9999989900
        0.9999989900
        0.9999989900
        0.9999989900
        0.9999989900
        0.9717152100
        0.9503692400
        0.9165324600
        0.8734073000
        0.8123974200
        0.7162078600
        0.5899966400
        0.4328886600
        0.2840822300
        0.1656535900
        0.9999989900
        0.9999989900
        0.9999989900
        0.9999989900
        0.9999989900
        0.9999989900
        0.9999989900
        0.9806489900
        0.9596169000
        0.9023898800
        0.8493269100
        0.7775840200
        0.6629704200
        0.5213464500
        0.3627023100
        0.2227162400
        0.9999989900
        0.9999989900
        0.9999989900
        0.9999989900
        0.9999989900
        0.9999989900
        0.9956302600
        0.9826929600
        0.9323070600
        0.8979049300
        0.8380039300
        0.7666782100
        0.6495517500
        0.5056285300
        0.3480831400
        0.2136720700
        0.9999989900
        0.9976870400
        0.9961386900
        0.9943509100
        0.9917274700
        0.9884584500
        0.9816701400
        0.9701117300
        0.9512611600
        0.9166737800
        0.8632676000
        0.7721400300
        0.6584958400
        0.5453149700
        0.3755106000
        0.2257580900
        0.9999989900
        0.9999989900
        0.9999989900
        0.9999989900
        0.9999989900
        0.9999989900
        0.9999989900
        0.9910560300
        0.9574274400
        0.9279509800
        0.8548233500
        0.7840543400
        0.6717602000
        0.5269316400
        0.3611661500
        0.2160831700
        0.9998750700
        0.9982256300
        0.9978482100
        0.9967990500
        0.9947380400
        0.9914788600
        0.9860280800
        0.9775740500
        0.9637783800
        0.9404252200
        0.9057106400
        0.8211249700
        0.7181001300
        0.5376355100
        0.3503314600
        0.1922977400
        0.9997595000
        0.9982411900
        0.9973967700
        0.9959215500
        0.9935085200
        0.9898938500
        0.9839029900
        0.9749246800
        0.9570914500
        0.9247016300
        0.8733753600
        0.8222772500
        0.7041263600
        0.5372983800
        0.3607388700
        0.2071712800
        0.9999989900
        0.9984118900
        0.9980086700
        0.9971902400
        0.9957554900
        0.9931252600
        0.9889068600
        0.9817591900
        0.9716154300
        0.9553567200
        0.9261814400
        0.8692868400
        0.7701559700
        0.6084843900
        0.4039298900
        0.2219226700
        0.9997814300
        0.9983571200
        0.9980707800
        0.9972075200
        0.9954643200
        0.9927566100
        0.9878144300
        0.9806959000
        0.9697331200
        0.9524045000
        0.9187044500
        0.8570183500
        0.7521398700
        0.5811861200
        0.3723023500
        0.2046177400
        0.9999989900
        0.9999989900
        0.9999465900
        0.9984329300
        0.9959183300
        0.9908452000
        0.9840306600
        0.9759901800
        0.9659991900
        0.9503209600
        0.9199936400
        0.8690136700
        0.7797039700
        0.6239817100
        0.4165020000
        0.2067810900
        0.9999989900
        0.9984847300
        0.9978264600
        0.9970262600
        0.9957237200
        0.9934244800
        0.9896467900
        0.9834449900
        0.9728013900
        0.9570798300
        0.9301244000
        0.8802762600
        0.7789732200
        0.6247530000
        0.4135621800
        0.2079861600
        0.9999989900
        0.9999989900
        0.9999989900
        0.9998278000
        0.9976195100
        0.9930410400
        0.9866185200
        0.9779847900
        0.9675609500
        0.9521851500
        0.9242913100
        0.8754800000
        0.7878903700
        0.6146711100
        0.4132489900
        0.2079938800
        0.9999989900
        0.9999989900
        0.9999989900
        0.9992950000
        0.9966146300
        0.9920283600
        0.9849341500
        0.9764960400
        0.9663572300
        0.9510256600
        0.9222079500
        0.8713795500
        0.7830946400
        0.6198734600
        0.4159877600
        0.2082510000
        0.9999989900
        0.9999989900
        0.9999989900
        0.9999989900
        0.9989281900
        0.9953346800
        0.9899241900
        0.9823746100
        0.9728678500
        0.9575814000
        0.9309921900
        0.8853484400
        0.8031381400
        0.6085666400
        0.4072759200
        0.2048903600
        0.9999989900
        0.9999989900
        0.9999989900
        0.9999989900
        0.9983092000
        0.9943825600
        0.9881754500
        0.9803494200
        0.9699487700
        0.9545455600
        0.9274281900
        0.8804684900
        0.7958632100
        0.6109138700
        0.4097807100
        0.2066244900
        0.9999989900
        0.9999989900
        0.9999989900
        0.9999989900
        0.9999161400
        0.9968796400
        0.9923260200
        0.9860861300
        0.9777789100
        0.9638251700
        0.9391520000
        0.8955637200
        0.8167120200
        0.6045047000
        0.4042141400
        0.2028555400
        0.9999989900
        0.9999989900
        0.9999989900
        0.9999989900
        0.9994626600
        0.9961710000
        0.9912201800
        0.9845061300
        0.9753506800
        0.9610263700
        0.9350498300
        0.8904610900
        0.8101257100
        0.6063212200
        0.4057110800
        0.2036379600
        0.9999989900
        0.9999989900
        0.9999989900
        0.9999989900
        0.9999989900
        0.9981482600
        0.9942988200
        0.9889487600
        0.9817456600
        0.9693709600
        0.9468255600
        0.9063671200
        0.8316663500
        0.6027610300
        0.4021940200
        0.2015015600
        0.9999989900
        0.9999989900
        0.9999989900
        0.9999989900
        0.9999989900
        0.9975434500
        0.9933608200
        0.9875897800
        0.9798460000
        0.9668349600
        0.9429802300
        0.9012265200
        0.8241037100
        0.6032910900
        0.4030031300
        0.2021070700
        0.9999989900
        0.9999989900
        0.9999989900
        0.9999989900
        0.9999989900
        0.9991980200
        0.9959299000
        0.9913089900
        0.9850553300
        0.9739156400
        0.9534266000
        0.9162772300
        0.8459927400
        0.6027439200
        0.4018548100
        0.2009203300
        0.9999989900
        0.9999989900
        0.9999989900
        0.9999989900
        0.9999989900
        0.9986772500
        0.9951201700
        0.9901348900
        0.9834094000
        0.9716416000
        0.9500768800
        0.9113221800
        0.8385110500
        0.6027821900
        0.4018406600
        0.2010970100
        0.9999989900
        0.9999989900
        0.9999989900
        0.9999989900
        0.9999989900
        0.9999989900
        0.9973602300
        0.9933838200
        0.9879597400
        0.9779218400
        0.9593331200
        0.9252533900
        0.8596444100
        0.6029226800
        0.4019486000
        0.2009146500
        0.9999989900
        0.9999989900
        0.9999989900
        0.9999989900
        0.9999989900
        0.9996697300
        0.9966620800
        0.9923692300
        0.9865369200
        0.9759520900
        0.9564270400
        0.9208178500
        0.8527804600
        0.6029229200
        0.4018293000
        0.2009274100
        0.9999989900
        0.9999989900
        0.9999989900
        0.9999989900
        0.9999989900
        0.9999989900
        0.9985834400
        0.9951656500
        0.9904643300
        0.9814128300
        0.9645074600
        0.9331702000
        0.8720561300
        0.6029226800
        0.4019484800
        0.2009742400
        0.9999989900
        0.9999989900
        0.9999989900
        0.9999989900
        0.9999989900
        0.9999989900
        0.9979920400
        0.9943018000
        0.9892463100
        0.9797046200
        0.9619607900
        0.9292514900
        0.8658849600
        0.6029226800
        0.4019484800
        0.2009743000
        0.9841585800
        0.9819719200
        0.9792448900
        0.9727821400
        0.9652304600
        0.9524945600
        0.9327464700
        0.9092025800
        0.8713444500
        0.8120402100
        0.7326781200
        0.6156977400
        0.4939227100
        0.3455271400
        0.2515113100
        0.1505232200
        0.9999989900
        0.9999989900
        0.9999989900
        0.9999989900
        0.9999989900
        0.9999989900
        0.9991383600
        0.9959812200
        0.9916178000
        0.9830389000
        0.9669413600
        0.9369273800
        0.8779929900
        0.6029226800
        0.4019484800
        0.2009742400
        0.9882814300
        0.9877005800
        0.9869252400
        0.9822815700
        0.9748597700
        0.9630029200
        0.9442037300
        0.9188218700
        0.8862579500
        0.8414276200
        0.7640134100
        0.6559631200
        0.5382236200
        0.3843740800
        0.2703804100
        0.1621003700
        0.9851975400
        0.9860662800
        0.9833104000
        0.9785856600
        0.9705345600
        0.9585279200
        0.9386599100
        0.9127386200
        0.8788661400
        0.8267538500
        0.7434462300
        0.6347466700
        0.5025430900
        0.3584727900
        0.2507121900
        0.1523312000
        0.9890579600
        0.9898462300
        0.9892489300
        0.9855465900
        0.9802832000
        0.9697454600
        0.9527443100
        0.9306986900
        0.8978251200
        0.8512267500
        0.7875074100
        0.6896857600
        0.5617675200
        0.4085473100
        0.2725779400
        0.1599927200
        0.9893480500
        0.9898972500
        0.9879897800
        0.9856268200
        0.9780662100
        0.9669784900
        0.9487087700
        0.9261338100
        0.8926209200
        0.8478205800
        0.7775085000
        0.6776791200
        0.5551248800
        0.4080078900
        0.2703204500
        0.1658462300
        0.9881761100
        0.9881251500
        0.9870967300
        0.9842364200
        0.9788456000
        0.9682248200
        0.9540946500
        0.9331360500
        0.8999128300
        0.8575696900
        0.7976661300
        0.7032207800
        0.5792981400
        0.4250390200
        0.2789309300
        0.1626497700
        0.9889311200
        0.9891077900
        0.9883616000
        0.9857279700
        0.9790945100
        0.9700354900
        0.9535633900
        0.9333357800
        0.8974056200
        0.8551324600
        0.7929313800
        0.6970376400
        0.5662525300
        0.4109746200
        0.2703004800
        0.1550182400
        0.9901029500
        0.9895928500
        0.9880070100
        0.9853389300
        0.9805160800
        0.9726182800
        0.9605224100
        0.9423368600
        0.9154011000
        0.8816230900
        0.8228082700
        0.7527759100
        0.6377733300
        0.4964598700
        0.3417713000
        0.2097975300
        0.9888756900
        0.9880070100
        0.9868016800
        0.9838910100
        0.9786067000
        0.9695991900
        0.9556697000
        0.9353571500
        0.9063157400
        0.8661103200
        0.8038592900
        0.7201319900
        0.6025823400
        0.4530080300
        0.3031740800
        0.1810394100
        0.9923741200
        0.9911863200
        0.9893056200
        0.9867641300
        0.9824250900
        0.9758163100
        0.9647961900
        0.9483755200
        0.9236667200
        0.8898429300
        0.8393224500
        0.7698369600
        0.6595791000
        0.5173767200
        0.3546170600
        0.2121649100
        0.9913458800
        0.9906410600
        0.9893737400
        0.9863851100
        0.9820553100
        0.9746721400
        0.9631424000
        0.9460694200
        0.9202084500
        0.8860263800
        0.8339259600
        0.7634840000
        0.6509487000
        0.5118928000
        0.3561253800
        0.2186777000
        0.9934862300
        0.9939803500
        0.9922086000
        0.9896318900
        0.9852492800
        0.9792423200
        0.9700665500
        0.9541943100
        0.9314044700
        0.9009029900
        0.8520830900
        0.7754861100
        0.6715326300
        0.5275554700
        0.3541975300
        0.2034146000
        0.9927032000
        0.9927683500
        0.9911162900
        0.9883952700
        0.9850677300
        0.9788923300
        0.9686140400
        0.9525761600
        0.9270889800
        0.8937113900
        0.8449237900
        0.7812016000
        0.6669707900
        0.5354266800
        0.3687014300
        0.2216643800
        0.9936308900
        0.9936313600
        0.9927935000
        0.9908530100
        0.9865933100
        0.9798165000
        0.9700902100
        0.9583000500
        0.9398211800
        0.9149181200
        0.8741933100
        0.8122823800
        0.7077654600
        0.5573186300
        0.3655512000
        0.2009073800
        0.9936385200
        0.9941479000
        0.9931643600
        0.9904481200
        0.9859609000
        0.9789767300
        0.9704478400
        0.9568181600
        0.9365563400
        0.9076849800
        0.8614870300
        0.7950285700
        0.6862393000
        0.5278862700
        0.3439788500
        0.1888107800
        0.9944046700
        0.9919434800
        0.9903127600
        0.9884861700
        0.9861339900
        0.9801497500
        0.9704006300
        0.9564160700
        0.9389372500
        0.9161816200
        0.8781740700
        0.8208161000
        0.7252393400
        0.5978475800
        0.3989791900
        0.1994448200
        0.9940655800
        0.9936496000
        0.9926151600
        0.9911289200
        0.9876824600
        0.9809084500
        0.9709944100
        0.9581878200
        0.9415547800
        0.9177853500
        0.8804978700
        0.8196284800
        0.7223907700
        0.5870280900
        0.3873417700
        0.2178984300
        0.9951924100
        0.9946152000
        0.9938893300
        0.9927483800
        0.9904835800
        0.9858407400
        0.9787539200
        0.9692974100
        0.9571249500
        0.9384750700
        0.9061812200
        0.8523953000
        0.7605753500
        0.5970304000
        0.3982235800
        0.1992825300
        0.9948175000
        0.9941754900
        0.9933957500
        0.9922907400
        0.9897064600
        0.9846278400
        0.9767765400
        0.9666658600
        0.9532510000
        0.9338056400
        0.8999502700
        0.8440235900
        0.7509709600
        0.5973354000
        0.3985650500
        0.1994895900
        0.9958344100
        0.9953685400
        0.9947654600
        0.9937819800
        0.9917695500
        0.9878681300
        0.9820963100
        0.9742346400
        0.9638625400
        0.9475087500
        0.9185678400
        0.8688490400
        0.7820321900
        0.5976042700
        0.3979967200
        0.1990101300
        0.9955266700
        0.9950087700
        0.9943453100
        0.9932782100
        0.9910838600
        0.9869319800
        0.9804646400
        0.9718481300
        0.9604282400
        0.9430882900
        0.9120935200
        0.8602653100
        0.7707250700
        0.5969951200
        0.3980202700
        0.1991117900
        0.9963278200
        0.9959484900
        0.9954437000
        0.9946050000
        0.9929154500
        0.9896453600
        0.9847269700
        0.9780564300
        0.9693504600
        0.9550321100
        0.9291825900
        0.8838967100
        0.8023860500
        0.5983196500
        0.3986603600
        0.1992014200
        0.9961010200
        0.9956813500
        0.9951308400
        0.9942249100
        0.9923844300
        0.9888144700
        0.9834389700
        0.9763311700
        0.9667997400
        0.9515727800
        0.9241290100
        0.8768901200
        0.7925392400
        0.5979905700
        0.3984028400
        0.1989983600
        0.9966835400
        0.9963733000
        0.9959480200
        0.9952264400
        0.9937875900
        0.9910088200
        0.9868535400
        0.9811203500
        0.9734273000
        0.9605010200
        0.9371791500
        0.8956052700
        0.8189326500
        0.5988436900
        0.3991529600
        0.1994398800
        0.9965134900
        0.9961699800
        0.9957060200
        0.9949269300
        0.9933659400
        0.9903493500
        0.9858255400
        0.9796265400
        0.9713732600
        0.9578958700
        0.9332941800
        0.8899442600
        0.8106913000
        0.5987294900
        0.3988797700
        0.1993301800
        0.9969596900
        0.9967068400
        0.9963498100
        0.9957310000
        0.9945045700
        0.9921351700
        0.9886013900
        0.9836487800
        0.9769673300
        0.9652766000
        0.9438531400
        0.9053518800
        0.8333526300
        0.5990224500
        0.3993192000
        0.1996145500
        0.9968337400
        0.9965538400
        0.9961645000
        0.9954969900
        0.9941708400
        0.9916096300
        0.9877854000
        0.9824703900
        0.9753145000
        0.9630208600
        0.9406226900
        0.9007912900
        0.8264789600
        0.5989788200
        0.3992291100
        0.1995764800
        0.9971889300
        0.9969853800
        0.9966890200
        0.9961640800
        0.9951273200
        0.9931211500
        0.9901332300
        0.9858684500
        0.9800743500
        0.9695588900
        0.9501617600
        0.9147858000
        0.8471941400
        0.5989730400
        0.3993572900
        0.1996741600
        0.9970812200
        0.9968543100
        0.9965289200
        0.9959589800
        0.9948316800
        0.9926525400
        0.9894058100
        0.9848151800
        0.9786024700
        0.9675357300
        0.9471809300
        0.9102749200
        0.8404504700
        0.5990359200
        0.3993483200
        0.1996596000
        0.9973794800
        0.9972174200
        0.9969736900
        0.9965324400
        0.9956619100
        0.9939721200
        0.9914544200
        0.9877883800
        0.9827660300
        0.9732868100
        0.9556592100
        0.9231641900
        0.8602127400
        0.5989731000
        0.3993154200
        0.1996576800
        0.9972897800
        0.9971080400
        0.9968392800
        0.9963579800
        0.9954081200
        0.9935677100
        0.9908267900
        0.9868764300
        0.9814878700
        0.9715157200
        0.9530487700
        0.9191923100
        0.8540130900
        0.5989731000
        0.3993153600
        0.1996786400
        0.9975385100
        0.9974106000
        0.9972116900
        0.9968435200
        0.9961177100
        0.9947033500
        0.9925932300
        0.9894567700
        0.9851219700
        0.9765992800
        0.9606071700
        0.9307898300
        0.8722415000
        0.5989731000
        0.3993154200
        0.1996577100
        0.9974618000
        0.9973176700
        0.9970973700
        0.9966938500
        0.9958978300
        0.9943498400
        0.9920419500
        0.9886465700
        0.9839760700
        0.9749838100
        0.9581891900
        0.9270572700
        0.8663435000
        0.5989731000
        0.3993154200
        0.1996577100
