0.00545008084981362
0.00545008084981362
0.00545008084981362
0.00545008084981362
0.00545008084981362
0.0098474061368681795
0.0088507146498892075
0.010714771475626644
0.013433438729286871
0.014714186171828835
0.015990022923605719
0.01949269142804351
0.019660175518183057
0.020410189633009477
0.019738398857557543
0.0056656976619462252
0.0056656976619462252
0.0056656976619462252
0.0056656976619462252
0.0056656976619462252
0.013635159341455884
0.009093634909705885
0.0080727269722897631
0.010444338588904489
0.0096996996342829794
0.015161254529947411
0.013562809370607672
0.021530347080273314
0.014066048624270829
0.025927957480262848
