        0.3479218978
        0.3479218978
        0.3479218978
        0.3479218978
        0.3284756566
        0.3255253409
        0.3247931458
        0.3308932947
        0.2978705028
        0.2534198434
        0.2551113343
        0.2568619804
        0.2788465302
        0.2568575210
        0.2570916550
        0.2353795137
        0.2328370807
        0.2328370807
        0.2328370807
        0.2328370807
        0.2328370807
        0.2328370807
        0.2328370807
        0.2328370807
        0.2328370807
        0.2328370807
        0.2328370807
        0.2328370807
        0.2328370807
        0.2328370807
        0.2328370807
        0.2328370807
        0.2328370807
        0.2328370807
        0.2328370807
        0.2328370807
        0.2328370807
        0.2328370807
        0.2328370807
        0.2328370807
        0.2328370807
        0.2328370807
        0.2328370807
        0.2328370807
        0.2328370807
        0.2328370807
        0.2328370807
        0.2328370807
        0.2328370807
        0.2328370807
        0.2328370807
        0.2328370807
        0.2328370807
        0.2328370807
        0.2328370807
        0.2328370807
        0.2328370807
        0.2328370807
        0.2328370807
        0.2328370807
        0.2328370807
        0.2328370807
        0.2328370807
        0.2328370807
        0.2328370807
        0.2328370807
        0.2328370807
        0.2328370807
        0.2328370807
        0.2328370807
        0.2328370807
        0.2328370807
        0.2328370807
        0.2328370807
        0.2328370807
        0.2328370807
        0.2328370807
        0.2328370807
        0.2328370807
        0.2328370807
        0.2328370807
        0.2328370807
        0.2328370807
        0.2328370807
        0.2328370807
        0.2328370807
        0.2328370807
        0.2328370807
        0.2328370807
        0.2328370807
        0.2328370807
        0.2328370807
        0.2328370807
        0.2328370807
        0.2328370807
        0.2328370807
        0.2328370807
        0.2328370807
        0.2328370807
        0.2328370807
        0.2328370807
        0.2328370807
        0.2328370807
        0.2328370807
        0.2328370807
        0.2328370807
        0.2328370807
        0.2328370807
        0.2328370807
        0.2328370807
        0.2328370807
        0.2328370807
        0.2328370807
        0.2328370807
        0.2328370807
        0.2328370807
        0.2328370807
        0.2328370807
        0.2328370807
        0.2328370807
        0.2328370807
        0.2328370807
        0.2328370807
        0.2328370807
        0.2328370807
        0.2328370807
        0.2328370807
        0.2328370807
        0.2328370807
        0.2328370807
        0.2328370807
        0.2328370807
        0.2328370807
        0.2328370807
        0.2328370807
        0.2328370807
        0.2328370807
        0.2328370807
        0.2328370807
        0.2328370807
        0.2328370807
        0.2328370807
