        0.0244816923
        0.0884822482
        0.1138007700
        0.1264553870
        0.1230277152
        0.1156939051
        0.1127206050
        0.1272558637
        0.1562356337
        0.1667901329
        0.1211750336
        0.1063734108
        0.1061040342
        0.1077575167
        0.1045507691
        0.1027541102
        0.0937770383
        0.0982655743
        0.0982655743
        0.0982655743
        0.0982655743
        0.0982655743
        0.0982655743
        0.0982655743
        0.0982655743
        0.0982655743
        0.0982655743
        0.0982655743
        0.0982655743
        0.0982655743
        0.0982655743
        0.0982655743
        0.0982655743
        0.0982655743
        0.0982655743
        0.0982655743
        0.0982655743
        0.0982655743
        0.0982655743
        0.0982655743
        0.0982655743
        0.0982655743
        0.0982655743
        0.0982655743
        0.0982655743
        0.0982655743
        0.0982655743
        0.0982655743
        0.0982655743
        0.0982655743
        0.0982655743
        0.0982655743
        0.0982655743
        0.0982655743
        0.0982655743
        0.0982655743
        0.0982655743
        0.0982655743
        0.0982655743
        0.0982655743
        0.0982655743
        0.0982655743
        0.0982655743
        0.0982655743
        0.0982655743
        0.0982655743
        0.0982655743
        0.0982655743
        0.0982655743
        0.0982655743
        0.0982655743
        0.0982655743
        0.0982655743
        0.0982655743
        0.0982655743
        0.0982655743
        0.0982655743
        0.0982655743
        0.0982655743
        0.0982655743
        0.0982655743
        0.0982655743
        0.0982655743
        0.0982655743
        0.0982655743
        0.0982655743
        0.0982655743
        0.0982655743
        0.0982655743
        0.0982655743
        0.0982655743
        0.0982655743
        0.0982655743
        0.0982655743
        0.0982655743
        0.0982655743
        0.0982655743
        0.0982655743
        0.0982655743
        0.0982655743
        0.0982655743
        0.0982655743
        0.0982655743
        0.0982655743
        0.0982655743
        0.0982655743
        0.0982655743
        0.0982655743
        0.0982655743
        0.0982655743
        0.0982655743
        0.0982655743
        0.0982655743
        0.0982655743
        0.0982655743
        0.0982655743
        0.0982655743
        0.0982655743
        0.0982655743
        0.0982655743
        0.0982655743
        0.0982655743
        0.0982655743
        0.0982655743
        0.0982655743
        0.0982655743
        0.0982655743
        0.0982655743
        0.0982655743
        0.0982655743
        0.0982655743
        0.0982655743
        0.0982655743
        0.0982655743
        0.0982655743
        0.0982655743
        0.0982655743
        0.0982655743
        0.0982655743
        0.0982655743
        0.0982655743
        0.0982655743
