        0.0843438391
        0.0843438391
        0.0843438391
        0.0843438391
        0.0874463774
        0.0970621915
        0.0959115812
        0.1013005115
        0.0891123536
        0.0811877578
        0.0766015065
        0.0804540302
        0.0771246804
        0.0726723859
        0.0752934102
        0.0749679775
        0.0743345915
        0.0743345915
        0.0743345915
        0.0743345915
        0.0743345915
        0.0743345915
        0.0743345915
        0.0743345915
        0.0743345915
        0.0743345915
        0.0743345915
        0.0743345915
        0.0743345915
        0.0743345915
        0.0743345915
        0.0743345915
        0.0743345915
        0.0743345915
        0.0743345915
        0.0743345915
        0.0743345915
        0.0743345915
        0.0743345915
        0.0743345915
        0.0743345915
        0.0743345915
        0.0743345915
        0.0743345915
        0.0743345915
        0.0743345915
        0.0743345915
        0.0743345915
        0.0743345915
        0.0743345915
        0.0743345915
        0.0743345915
        0.0743345915
        0.0743345915
        0.0743345915
        0.0743345915
        0.0743345915
        0.0743345915
        0.0743345915
        0.0743345915
        0.0743345915
        0.0743345915
        0.0743345915
        0.0743345915
        0.0743345915
        0.0743345915
        0.0743345915
        0.0743345915
        0.0743345915
        0.0743345915
        0.0743345915
        0.0743345915
        0.0743345915
        0.0743345915
        0.0743345915
        0.0743345915
        0.0743345915
        0.0743345915
        0.0743345915
        0.0743345915
        0.0743345915
        0.0743345915
        0.0743345915
        0.0743345915
        0.0743345915
        0.0743345915
        0.0743345915
        0.0743345915
        0.0743345915
        0.0743345915
        0.0743345915
        0.0743345915
        0.0743345915
        0.0743345915
        0.0743345915
        0.0743345915
        0.0743345915
        0.0743345915
        0.0743345915
        0.0743345915
        0.0743345915
        0.0743345915
        0.0743345915
        0.0743345915
        0.0743345915
        0.0743345915
        0.0743345915
        0.0743345915
        0.0743345915
        0.0743345915
        0.0743345915
        0.0743345915
        0.0743345915
        0.0743345915
        0.0743345915
        0.0743345915
        0.0743345915
        0.0743345915
        0.0743345915
        0.0743345915
        0.0743345915
        0.0743345915
        0.0743345915
        0.0743345915
        0.0743345915
        0.0743345915
        0.0743345915
        0.0743345915
        0.0743345915
        0.0743345915
        0.0743345915
        0.0743345915
        0.0743345915
        0.0743345915
        0.0743345915
        0.0743345915
        0.0743345915
        0.0743345915
        0.0743345915
        0.0743345915
        0.0743345915
        0.0743345915
