        0.0794851045
        0.0794851045
        0.0794851045
        0.0794851045
        0.0837453194
        0.0889781860
        0.0944639421
        0.1022973553
        0.1023229289
        0.1092628843
        0.1048835538
        0.1028922813
        0.1156799651
        0.1085432257
        0.1022615345
        0.1009391372
        0.1114634927
        0.1114634927
        0.1114634927
        0.1114634927
        0.1114634927
        0.1114634927
        0.1114634927
        0.1114634927
        0.1114634927
        0.1114634927
        0.1114634927
        0.1114634927
        0.1114634927
        0.1114634927
        0.1114634927
        0.1114634927
        0.1114634927
        0.1114634927
        0.1114634927
        0.1114634927
        0.1114634927
        0.1114634927
        0.1114634927
        0.1114634927
        0.1114634927
        0.1114634927
        0.1114634927
        0.1114634927
        0.1114634927
        0.1114634927
        0.1114634927
        0.1114634927
        0.1114634927
        0.1114634927
        0.1114634927
        0.1114634927
        0.1114634927
        0.1114634927
        0.1114634927
        0.1114634927
        0.1114634927
        0.1114634927
        0.1114634927
        0.1114634927
        0.1114634927
        0.1114634927
        0.1114634927
        0.1114634927
        0.1114634927
        0.1114634927
        0.1114634927
        0.1114634927
        0.1114634927
        0.1114634927
        0.1114634927
        0.1114634927
        0.1114634927
        0.1114634927
        0.1114634927
        0.1114634927
        0.1114634927
        0.1114634927
        0.1114634927
        0.1114634927
        0.1114634927
        0.1114634927
        0.1114634927
        0.1114634927
        0.1114634927
        0.1114634927
        0.1114634927
        0.1114634927
        0.1114634927
        0.1114634927
        0.1114634927
        0.1114634927
        0.1114634927
        0.1114634927
        0.1114634927
        0.1114634927
        0.1114634927
        0.1114634927
        0.1114634927
        0.1114634927
        0.1114634927
        0.1114634927
        0.1114634927
        0.1114634927
        0.1114634927
        0.1114634927
        0.1114634927
        0.1114634927
        0.1114634927
        0.1114634927
        0.1114634927
        0.1114634927
        0.1114634927
        0.1114634927
        0.1114634927
        0.1114634927
        0.1114634927
        0.1114634927
        0.1114634927
        0.1114634927
        0.1114634927
        0.1114634927
        0.1114634927
        0.1114634927
        0.1114634927
        0.1114634927
        0.1114634927
        0.1114634927
        0.1114634927
        0.1114634927
        0.1114634927
        0.1114634927
        0.1114634927
        0.1114634927
        0.1114634927
        0.1114634927
        0.1114634927
        0.1114634927
        0.1114634927
        0.1114634927
        0.1114634927
        0.1114634927
