prob
.99989998
.99989998
.99756998
.99098998
.98329002
.97031999
.95020002
.92622
.88765001
.82723999
.74638999
.62721997
.50317001
.35199001
.25622001
.15334
.99989998
.99989998
.99989998
.99690002
.98869997
.97645998
.95621997
.92982
.89530998
.84222001
.75735998
.64661998
.51195002
.36517999
.2554
.15518001
.99989998
.99989998
.99989998
.99989998
.99309999
.98101997
.96187001
.93602002
.90284002
.85716999
.77831
.66824001
.54830003
.39157
.27544001
.16513
.99989998
.99989998
.99989998
.99989998
.99624997
.98506999
.96645999
.94345999
.90932
.86369002
.79206002
.69036001
.56550997
.41564
.27537999
.16895001
.99989998
.99989998
.99989998
.99989998
.99874002
.98777997
.97057003
.94810998
.91463
.86716002
.80224001
.70258999
.57227999
.41619
.27768001
.16299
.99989998
.99989998
.99989998
.99989998
.99989998
.98830003
.97128999
.9508
.91420001
.87112999
.80777001
.71008003
.57685
.41867
.27535999
.15792
.99989998
.99989998
.99989998
.99989998
.99989998
.99989998
.97206002
.95049
.91675001
.87361997
.81259
.71638
.59013999
.43299001
.28415
.16569
.99989998
.99989998
.99989998
.99989998
.99989998
.99989998
.99751002
.95297003
.92316997
.88231999
.81889999
.73360997
.61386001
.46149001
.30884999
.18443
.99989998
.99989998
.99989998
.99989998
.99989998
.99989998
.99620003
.98359001
.93263
.89802003
.83820999
.76686001
.64971
.50575
.34817001
.21371999
.99989998
.99989998
.99989998
.99989998
.99989998
.99989998
.99989998
.98120999
.9605
.90271002
.84943002
.77776998
.66312999
.52147001
.36278999
.22277001
.99989998
.99989998
.99989998
.99989998
.99989998
.99989998
.99989998
.99107999
.95797998
.92879999
.85512
.78415
.67192
.52705997
.36125001
.21614
.99989998
.99769002
.99614
.99435002
.99172997
.98846
.98167002
.97011
.95125997
.91667002
.86326998
.77214003
.65850002
.54544997
.37560001
.22581001
.99987
.99823999
.99739999
.99592
.99351001
.98988998
.98390001
.97491997
.95709002
.92470002
.87338001
.82227999
.70412999
.53737003
.36083001
.20722
.99980003
.99822998
.99785
.99680001
.99474001
.99147999
.98602998
.97757
.96377999
.94042999
.90570998
.82112002
.71810001
.53781998
.35038
.19234
.99954998
.99835998
.99807
.99721003
.99545997
.99276
.98781002
.98070002
.96973002
.95240003
.91869998
.85702002
.75213999
.58171999
.37243
.20464
.99989998
.99840999
.99800998
.99719
.99576002
.99313003
.98891002
.98176003
.97162002
.95536
.92618001
.86928999
.77016002
.60882998
.4043
.222
.99919999
.99848002
.99782997
.99703002
.99572003
.99342
.98965001
.98343998
.97280002
.95708001
.93011999
.88028002
.77897
.62652999
.44487
.26205999
.99974
.99785
.99686003
.99557
.99360001
.98925
.98214
.97214001
.95994997
.94252998
.91244
.86110997
.77309
.63564003
.45581001
.26172999
.99984998
.99778003
.99673998
.99588001
.99387002
.98996001
.98259997
.97241998
.96015
.94378
.91575003
.86544001
.78056997
.64747
.46877
.27090001
.99989998
.99787003
.99682999
.99615002
.99476999
.99103999
.98448998
.97460002
.96318001
.94777
.92259002
.87663001
.79558998
.667
.48877001
.28290999
.99989998
.99800003
.99694997
.99636
.99511999
.99194002
.98553002
.97635001
.96521997
.95027
.92587
.88230002
.80479997
.67804998
.49989
.28962001
.99989998
.99816
.99715
.99663001
.99550998
.99252999
.98680001
.97789001
.96772999
.95327997
.92992997
.88780999
.81344998
.69002998
.51112002
.29592001
.99989998
.99835998
.99738997
.99694997
.99594998
.99315
.98774999
.97965002
.96995997
.95666999
.93437999
.89399999
.82191998
.70163
.52335
.30254999
.99989998
.99989998
.99763
.99726999
.99637002
.99374998
.98864001
.98097998
.97219998
.95951998
.93882
.90006
.83038002
.71234
.53472
.30950999
.99989998
.99989998
.99989998
.99757999
.99677002
.99431002
.98948997
.98223001
.97399002
.96234
.94268
.90605003
.8387
.72316003
.54571003
.3163
.99989998
.99989998
.99989998
.99989998
.99712998
.99483001
.99027997
.98339999
.97562999
.96464998
.94642001
.91135001
.84680003
.73382002
.55697
.32311001
.99989998
.99989998
.99989998
.99989998
.99989998
.99532002
.99102998
.98452997
.97720999
.96684003
.94968998
.91658998
.85433
.74444002
.56845999
.33048999
.99989998
.99989998
.99989998
.99989998
.99989998
.99989998
.99172002
.98557001
.97867
.96888
.95271999
.92120999
.86159003
.75431001
.57977998
.33805001
.99989998
.99989998
.99989998
.99989998
.99989998
.99989998
.99989998
.98655999
.98005003
.97079998
.95558
.92558998
.86827999
.764
.59065998
.34569001
.99989998
.99989998
.99989998
.99989998
.99989998
.99989998
.99989998
.99989998
.98137999
.97266001
.95836002
.92986
.87489998
.77351999
.60193002
.35352999
.99989998
.99989998
.99989998
.99989998
.99989998
.99989998
.99989998
.99989998
.99989998
.97443998
.96101999
.93396997
.88126999
.78281999
.61299002
.36155999
.99989998
.99989998
.99989998
.99989998
.99989998
.99989998
.99989998
.99989998
.99989998
.99989998
.96359998
.93799001
.88757002
.79211003
.62431002
.36994001
.99989998
.99989998
.99989998
.99989998
.99989998
.99989998
.99989998
.99989998
.99989998
.99989998
.99989998
.94181001
.89363003
.80116999
.63552999
.37850001
.98449999
.98209
.97948003
.97302002
.96546
.95271999
.93296999
.90942001
.87155002
.81224
.73285002
.61584997
.49404001
.34560999
.25156999
.15056001
.98610002
.98641002
.98343003
.97882003
.97077
.95876002
.93888998
.91295999
.87908
.82695001
.74361998
.63489997
.50265998
.35856
.25077
.15237001
.98885
.98861003
.98727
.9824
.97509003
.96323001
.94442999
.91904002
.88647002
.84162998
.76419997
.65612
.53834999
.38446999
.27045
.16214
.98936999
.99046999
.98888999
.98597002
.97819
.96720999
.94893998
.92636001
.89284003
.84802002
.77770001
.67783999
.55526
.40810999
.27039
.16588999
.98853999
.98987001
.98982
.98645002
.98062998
.96986997
.95297003
.93092
.89804
.85143
.7877
.68984997
.56190002
.40865001
.27263999
.16003001
.98844999
.98859
.98838001
.98629999
.97999001
.97038001
.95367998
.93356001
.89762002
.85534
.79312003
.69721001
.56638998
.41106999
.27037001
.15505999
.98822999
.98764002
.98658001
.98426002
.97940999
.96911001
.95442998
.93325001
.90012997
.85777998
.79786003
.70339
.57944
.42513999
.27900001
.16269
.98874998
.98806
.98632002
.98338002
.97863001
.97016001
.95655
.93568999
.90643001
.86632001
.80405003
.72030997
.60272998
.45311999
.30325001
.18108
.98996001
.98945999
.98806
.98486
.98000997
.97263998
.96108001
.94319999
.91571999
.88173002
.82301003
.75296003
.63792998
.49658
.34185001
.20985
.99136001
.99049002
.98923999
.98644
.98157001
.97416002
.96315998
.94660997
.92105001
.88634002
.83402997
.76367003
.65110999
.51201999
.35620999
.21873
.99236
.99119997
.98916
.98663002
.98247999
.97534001
.96429002
.94840002
.9242
.89065999
.83961999
.76993001
.65973997
.51749998
.3547
.21222
.99286997
.99277002
.99111998
.98839998
.98506999
.97889
.96860999
.95257998
.92708999
.89371002
.84491998
.78119999
.66697001
.53556001
.36879
.22172
.99359
.99397999
.99220997
.98962998
.98525
.97924
.97007
.95419002
.9314
.90090001
.85207999
.77548999
.67153001
.52762002
.35427999
.20345999
.99356002
.99414998
.99316001
.99045002
.98596001
.97898
.97044998
.95682001
.93655998
.90767998
.86149001
.79503
.68624002
.52806997
.34402001
.18886
.99339998
.99362999
.99278998
.99084997
.98659003
.97982001
.97008997
.95829999
.93981999
.91491997
.87418997
.81228
.70776999
.55782998
.36568001
.20093
.99361002
.99365002
.99261999
.99112999
.98768002
.98091
.97099
.95819002
.94155002
.91779
.88050002
.81963003
.72239
.58736998
.38769999
.21798
.99264997
.99194002
.99031001
.98848999
.98613
.98014998
.97039998
.95642
.93893999
.91618001
.87817001
.82081997
.72523999
.59955001
.42919001
.25128999
.99318999
.99132001
.99032998
.98944002
.9874
.98303998
.97490001
.96284997
.94727999
.92615002
.89256001
.83634001
.7446
.6085
.43618
.2525
.99330002
.99124002
.99021
.98935997
.98776001
.98378003
.97643
.96525002
.95098001
.93132001
.89984
.84658003
.75812
.62361002
.44874999
.25922999
.99357998
.99133998
.9903
.98961997
.98825002
.98493999
.97834998
.96847999
.95608002
.93870997
.91040999
.86140001
.77825999
.64782
.47075999
.27083001
.99375999
.99146003
.99041998
.98983002
.98860002
.98544002
.97947001
.97026002
.95915997
.94327003
.91702998
.87066001
.79080999
.66328001
.48550999
.27895001
.99392998
.99163002
.99062002
.99010003
.98899001
.98602998
.98032999
.97188002
.96169001
.94730002
.92307001
.87932998
.80271
.67804003
.49998999
.28740999
.99989998
.99181998
.99084997
.99041998
.98943001
.98664999
.98128003
.97323
.96398997
.95071
.92852002
.88740999
.81406999
.69237
.51425999
.29596001
.99989998
.99989998
.99110001
.99074
.98984998
.98724002
.98215997
.97456002
.96583998
.95362002
.93296999
.89441001
.82426
.70552999
.52766001
.30412999
.99989998
.99989998
.99989998
.99103999
.99023998
.9878
.98299998
.97579998
.96761
.95604002
.93687999
.90039998
.83342999
.71783
.54048997
.31211999
.99989998
.99989998
.99989998
.99989998
.99059999
.98830998
.98378998
.97696
.96924001
.95832998
.94022
.90574002
.84152001
.72921002
.55286002
.32001999
.99989998
.99989998
.99989998
.99989998
.99989998
.98879999
.98452997
.97807997
.97081
.96051002
.94347
.91057998
.84908003
.73979998
.56489003
.32804999
.99989998
.99989998
.99989998
.99989998
.99989998
.99989998
.98522002
.97912002
.97226
.96253002
.94647998
.91518003
.85595
.74967003
.57616001
.33592999
.99989998
.99989998
.99989998
.99989998
.99989998
.99989998
.99989998
.98009002
.97363001
.96443999
.94932002
.91952002
.86260003
.75898999
.58702999
.34353
.99989998
.99989998
.99989998
.99989998
.99989998
.99989998
.99989998
.99989998
.97495002
.96629
.95208001
.92377001
.86917001
.76845998
.59798002
.35135999
.99989998
.99989998
.99989998
.99989998
.99989998
.99989998
.99989998
.99989998
.99989998
.96805
.95472002
.92785001
.87550002
.77770001
.60898
.35918999
.99989998
.99989998
.99989998
.99989998
.99989998
.99989998
.99989998
.99989998
.99989998
.99989998
.95728999
.93185002
.88176
.78693002
.62022001
.36750999
.99989998
.99989998
.99989998
.99989998
.99989998
.99989998
.99989998
.99989998
.99989998
.99989998
.99989998
.93563998
.88778001
.79593003
.63135999
.37602001
