syn_pr3
1.00269
1.00023
.99756998
.99098998
.98329002
.97031999
.95020002
.92622
.88765001
.82723999
.74638999
.62721997
.50317001
.35199001
.25622001
.15334
1.02833
1.00463
1.0016
.99690002
.98869997
.97645998
.95621997
.92982
.89530998
.84222001
.75735998
.64661998
.51195002
.36517999
.2554
.15518001
1.02499
1.0309401
1.00551
1.00055
.99309999
.98101997
.96187001
.93602002
.90284002
.85716999
.77831
.66824001
.54830003
.39157
.27544001
.16513
1.0339
1.02667
1.03124
1.00418
.99624997
.98506999
.96645999
.94345999
.90932
.86369002
.79206002
.69036001
.56550997
.41564
.27537999
.16895001
1.03264
1.03442
1.026
1.02869
.99874002
.98777997
.97057003
.94810998
.91463
.86716002
.80224001
.70258999
.57227999
.41619
.27768001
.16299
1.02627
1.03269
1.0328701
1.02235
1.02196
.98830003
.97128999
.9508
.91420001
.87112999
.80777001
.71008003
.57685
.41867
.27535999
.15792
1.01749
1.02543
1.0305901
1.02855
1.01521
1.01061
.97206002
.95049
.91675001
.87361997
.81259
.71638
.59013999
.43299001
.28415
.16569
1.01077
1.01732
1.02406
1.0272501
1.02267
1.00562
.99751002
.95297003
.92316997
.88231999
.81889999
.73360997
.61386001
.46149001
.30884999
.18443
1.00746
1.0115
1.01732
1.02254
1.02372
1.01641
.99620003
.98359001
.93263
.89802003
.83820999
.76686001
.64971
.50575
.34817001
.21371999
1.0046099
1.00801
1.0112799
1.01565
1.01913
1.01762
1.00651
.98120999
.9605
.90271002
.84943002
.77776998
.66312999
.52147001
.36278999
.22277001
1.00193
1.00445
1.00665
1.00861
1.01157
1.01266
1.00731
.99107999
.95797998
.92879999
.85512
.78415
.67192
.52705997
.36125001
.21614
1.00024
.99769002
.99614
.99435002
.99172997
.98846
.98167002
.97011
.95125997
.91667002
.86326998
.77214003
.65850002
.54544997
.37560001
.22581001
.99987
.99823999
.99739999
.99592
.99351001
.98988998
.98390001
.97491997
.95709002
.92470002
.87338001
.82227999
.70412999
.53737003
.36083001
.20722
.99980003
.99822998
.99785
.99680001
.99474001
.99147999
.98602998
.97757
.96377999
.94042999
.90570998
.82112002
.71810001
.53781998
.35038
.19234
.99954998
.99835998
.99807
.99721003
.99545997
.99276
.98781002
.98070002
.96973002
.95240003
.91869998
.85702002
.75213999
.58171999
.37243
.20464
1.00016
.99840999
.99800998
.99719
.99576002
.99313003
.98891002
.98176003
.97162002
.95536
.92618001
.86928999
.77016002
.60882998
.4043
.222
.99919999
.99848002
.99782997
.99703002
.99572003
.99342
.98965001
.98343998
.97280002
.95708001
.93011999
.88028002
.77897
.62652999
.44487
.26205999
.99974
.99785
.99686003
.99557
.99360001
.98925
.98214
.97214001
.95994997
.94252998
.91244
.86110997
.77309
.63564003
.45581001
.26172999
.99984998
.99778003
.99673998
.99588001
.99387002
.98996001
.98259997
.97241998
.96015
.94378
.91575003
.86544001
.78056997
.64747
.46877
.27090001
1.0001301
.99787003
.99682999
.99615002
.99476999
.99103999
.98448998
.97460002
.96318001
.94777
.92259002
.87663001
.79558998
.667
.48877001
.28290999
1.0003099
.99800003
.99694997
.99636
.99511999
.99194002
.98553002
.97635001
.96521997
.95027
.92587
.88230002
.80479997
.67804998
.49989
.28962001
1.00049
.99816
.99715
.99663001
.99550998
.99252999
.98680001
.97789001
.96772999
.95327997
.92992997
.88780999
.81344998
.69002998
.51112002
.29592001

.99835998
.99738997
.99694997
.99594998
.99315
.98774999
.97965002
.96995997
.95666999
.93437999
.89399999
.82191998
.70163
.52335
.30254999


.99763
.99726999
.99637002
.99374998
.98864001
.98097998
.97219998
.95951998
.93882
.90006
.83038002
.71234
.53472
.30950999



.99757999
.99677002
.99431002
.98948997
.98223001
.97399002
.96234
.94268
.90605003
.8387
.72316003
.54571003
.3163




.99712998
.99483001
.99027997
.98339999
.97562999
.96464998
.94642001
.91135001
.84680003
.73382002
.55697
.32311001





.99532002
.99102998
.98452997
.97720999
.96684003
.94968998
.91658998
.85433
.74444002
.56845999
.33048999






.99172002
.98557001
.97867
.96888
.95271999
.92120999
.86159003
.75431001
.57977998
.33805001







.98655999
.98005003
.97079998
.95558
.92558998
.86827999
.764
.59065998
.34569001








.98137999
.97266001
.95836002
.92986
.87489998
.77351999
.60193002
.35352999









.97443998
.96101999
.93396997
.88126999
.78281999
.61299002
.36155999










.96359998
.93799001
.88757002
.79211003
.62431002
.36994001











.94181001
.89363003
.80116999
.63552999
.37850001
